field_id,Wheat,Mustard,Lentil,No Crop,Green pea,Sugarcane,Garlic,Maize,Gram,Coriander,Potato,Bersem,Rice
11,0.19924,0.21828,0.07339999999999999,0.13163999999999998,0.0212,0.29944000000000004,0.00264,0.0136,0.00056,0.0008,0.0196,0.003920000000000001,0.01568
13,0.47215999999999997,0.15924000000000002,0.10667999999999998,0.13748,0.02916,0.06908,0.0074,0.00056,0.0021200000000000004,0.004200000000000001,0.0042,0.00424,0.00348
19,0.32239999999999996,0.2336,0.1452,0.09111999999999999,0.02948,0.16319999999999998,0.0018,0.00092,0.00052,0.004520000000000001,0.00316,0.00304,0.0010400000000000001
21,0.1032,0.20804,0.14696,0.21056,0.04052,0.22728,0.012360000000000001,0.00436,0.007199999999999999,0.00144,0.02792,0.00824,0.00192
25,0.17264,0.03884,0.07556,0.6909600000000001,0.00396,0.01132,0.0002,0.00036,0.0006,0.00044,0.0008799999999999999,0.0026,0.0016399999999999997
26,0.18952,0.12576,0.44332,0.12459999999999999,0.030399999999999996,0.06216,0.0019199999999999998,0.00052,0.004320000000000001,0.00144,0.0042,0.011639999999999998,0.00020000000000000004
29,0.17480000000000007,0.17864,0.21495999999999998,0.14112,0.021159999999999998,0.22368000000000005,0.00368,0.0032000000000000006,0.008839999999999999,0.00288,0.013600000000000001,0.012960000000000001,0.00047999999999999996
39,0.04596,0.24123999999999998,0.05676,0.04967999999999999,0.007680000000000001,0.51256,0.0019200000000000003,0.00104,0.00504,0.0018400000000000003,0.07008,0.00564,0.00056
44,0.21272,0.23468000000000003,0.02368,0.17360000000000003,0.015799999999999998,0.2644,0.00676,0.03336,0.00456,0.0015999999999999999,0.01848,0.00716,0.0031999999999999997
48,0.09483999999999998,0.28087999999999996,0.13340000000000002,0.1326,0.03172,0.23444,0.010159999999999999,0.0058800000000000015,0.014360000000000003,0.00268,0.02812,0.03028,0.0006399999999999999
52,0.28636,0.15316000000000002,0.05800000000000001,0.37263999999999997,0.04184,0.04371999999999999,0.015600000000000001,0.00028000000000000003,0.006519999999999999,0.014400000000000001,0.00248,0.00488,0.00012000000000000002
63,0.23403999999999997,0.24608,0.06724000000000001,0.13440000000000002,0.022840000000000006,0.2639999999999999,0.0058000000000000005,0.0038,0.005479999999999999,0.0018,0.011120000000000001,0.00272,0.00068
64,0.13759999999999997,0.20088,0.062479999999999994,0.08928,0.01328,0.46092,0.0034400000000000003,0.00492,0.0034000000000000007,0.00612,0.01364,0.003919999999999999,0.00012000000000000002
65,0.24383999999999997,0.18264,0.10819999999999999,0.09392,0.05932,0.15496,0.0274,0.028839999999999998,0.008799999999999999,0.013160000000000002,0.04532,0.009080000000000001,0.024520000000000004
67,0.402,0.09272,0.15467999999999998,0.33824,0.0025999999999999994,0.00508,0.0008,0.0,0.0015199999999999999,0.0014399999999999999,8e-05,0.0007599999999999999,8e-05
68,0.3236,0.1212,0.16108,0.31708,0.011759999999999998,0.04364,0.0018800000000000002,0.00044,0.0033199999999999996,0.0035200000000000014,0.0019600000000000004,0.01004,0.00047999999999999996
69,0.36028,0.07279999999999999,0.10228000000000001,0.45404000000000005,0.00192,0.00544,0.0006000000000000001,4e-05,0.00096,0.001,0.0002,0.0004,4e-05
79,0.17243999999999998,0.13428,0.01356,0.16712,0.00972,0.44828000000000007,0.0035600000000000002,0.01316,0.00108,0.0033199999999999996,0.02144,0.00212,0.009920000000000002
90,0.12816,0.27224000000000004,0.054759999999999996,0.08716,0.04688,0.35472000000000004,0.0038400000000000005,0.01036,0.0052,0.0024,0.0192,0.01392,0.00116
92,0.12976000000000001,0.29156,0.040440000000000004,0.12244,0.03536,0.33111999999999997,0.00812,0.004,0.0041600000000000005,0.00132,0.01752,0.012199999999999999,0.0019999999999999996
94,0.09212000000000001,0.17776000000000003,0.0492,0.10799999999999998,0.0574,0.18772,0.0862,0.00764,0.01832,0.010960000000000001,0.18,0.02392,0.00076
95,0.18808,0.47824,0.049600000000000005,0.06620000000000001,0.09136000000000001,0.031400000000000004,0.02936,0.00044,0.04000000000000001,0.012280000000000001,0.00344,0.009600000000000001,0.0
99,0.14564,0.23948,0.030799999999999998,0.08780000000000002,0.02148,0.43984,0.0012000000000000001,0.00872,0.0038,0.00148,0.010159999999999999,0.009,0.0006000000000000001
105,0.09972,0.017759999999999998,0.01704,0.8575200000000001,0.0015599999999999998,0.004959999999999999,4e-05,4e-05,0.00023999999999999998,0.00024000000000000003,0.00012000000000000002,0.0006,0.00015999999999999999
109,0.4382400000000001,0.19483999999999999,0.04896,0.14612,0.04648,0.09704,0.0086,0.00208,0.00116,0.00196,0.006039999999999999,0.00284,0.005639999999999999
119,0.14864,0.23003999999999997,0.15628000000000003,0.10976,0.017920000000000002,0.28584000000000004,0.00536,0.0018399999999999998,0.006159999999999999,0.012280000000000001,0.01656,0.009280000000000002,4e-05
129,0.14840000000000003,0.36632,0.046759999999999996,0.047360000000000006,0.03524,0.28588,0.01772,0.0007999999999999999,0.019799999999999998,0.008479999999999998,0.00944,0.01372,8e-05
146,0.11051034482758623,0.1316786206896552,0.014940689655172411,0.3357296551724137,0.006162758620689655,0.2629365517241379,0.001833103448275862,0.028888275862068966,0.0008289655172413793,0.0013048275862068965,0.04127724137931034,0.0013117241379310347,0.06259724137931034
148,0.11984,0.14668,0.0178,0.43252,0.008,0.08892000000000001,0.0011200000000000001,0.039,8e-05,0.00168,0.04432,0.0012000000000000001,0.09884
151,0.28332,0.21404,0.1086,0.13632,0.17579999999999998,0.05840000000000001,0.006679999999999999,0.00028000000000000003,0.0048400000000000006,0.00352,0.0021200000000000004,0.005680000000000001,0.0004
160,0.06976,0.12491999999999999,0.038200000000000005,0.17476000000000003,0.01008,0.5558800000000002,0.00356,0.0006000000000000001,0.00392,0.004,0.0102,0.00356,0.00056
162,0.25532,0.13464,0.43716,0.02844,0.01908,0.03076,0.035519999999999996,8e-05,0.03656,0.01488,0.00464,0.0029200000000000003,0.0
166,0.14995999999999998,0.20784000000000002,0.14452,0.19188000000000005,0.010239999999999999,0.24691999999999997,0.00216,0.006839999999999998,0.0034000000000000002,0.0024400000000000003,0.01416,0.017640000000000003,0.002
168,0.19292,0.11732,0.27348000000000006,0.09908000000000003,0.05432,0.23859999999999998,0.00352,0.0002,0.00212,0.0031999999999999997,0.00624,0.00864,0.00036
169,0.268,0.18868000000000001,0.20307999999999998,0.10804,0.01848,0.17912,0.00264,0.00043999999999999996,0.0028799999999999997,0.011959999999999998,0.006480000000000001,0.0098,0.0004
180,0.6386000000000001,0.07324,0.08344,0.18824,0.0038800000000000006,0.00648,0.0010400000000000001,0.0,0.00168,0.0024,0.00039999999999999996,0.0006,0.0
182,0.7410800000000001,0.0544,0.04764000000000001,0.14312000000000002,0.00492,0.00496,0.0010400000000000001,0.00012000000000000002,0.0008,0.0008,0.00024000000000000003,0.0008399999999999999,4e-05
183,0.14084000000000002,0.35264,0.037840000000000006,0.19791999999999998,0.030399999999999996,0.18012,0.0067599999999999995,0.00256,0.005840000000000001,0.00244,0.03224,0.0084,0.0019999999999999996
187,0.35996000000000006,0.22320000000000004,0.10391999999999998,0.12108000000000002,0.045160000000000006,0.12919999999999998,0.00416,0.00020000000000000004,0.0021999999999999997,0.00292,0.00416,0.0038,4e-05
189,0.16143999999999997,0.18624000000000002,0.042559999999999994,0.15356,0.018520000000000002,0.37548000000000004,0.009359999999999999,0.0029200000000000003,0.010719999999999999,0.0010800000000000002,0.03272,0.0048000000000000004,0.0006000000000000001
191,0.13884,0.24732,0.07416,0.12344000000000001,0.00876,0.3678,0.00316,0.0027999999999999995,0.00188,0.0112,0.007080000000000001,0.011279999999999997,0.0022800000000000003
196,0.11608,0.13332000000000002,0.017759999999999998,0.43159999999999993,0.00968,0.13519999999999996,0.0014399999999999999,0.03816,4e-05,0.0028400000000000005,0.043480000000000005,0.00124,0.06915999999999999
208,0.20954000000000003,0.23917999999999998,0.05022,0.20355999999999996,0.03343999999999999,0.20928000000000002,0.004560000000000001,0.007179999999999998,0.0101,0.00222,0.015559999999999997,0.012719999999999999,0.00244
209,0.14200000000000002,0.24944,0.045880000000000004,0.18696,0.09668,0.22143999999999997,0.0031199999999999995,0.005879999999999999,0.01052,0.0020000000000000005,0.01844,0.016839999999999997,0.0007999999999999999
212,0.48188000000000014,0.1622,0.16348000000000001,0.09928000000000001,0.01868,0.06368000000000001,0.00236,0.0002,0.0007999999999999999,0.00248,0.0009199999999999999,0.0033600000000000006,0.00068
213,0.24768,0.26216,0.0806,0.14795999999999998,0.0072,0.22704,0.0015599999999999998,0.0036,0.0014399999999999999,0.0044399999999999995,0.00788,0.00412,0.004319999999999999
217,0.54472,0.19468000000000002,0.04096,0.09239999999999998,0.01756,0.09652,0.0019999999999999996,0.00164,0.0004,0.00216,0.00328,0.00192,0.0017599999999999998
219,0.18416,0.07179999999999999,0.04068,0.5804800000000001,0.035280000000000006,0.05448,0.009160000000000001,0.0007599999999999999,0.006200000000000001,0.0026,0.0104,0.0036000000000000008,0.00039999999999999996
220,0.23348000000000002,0.048319999999999995,0.023279999999999995,0.6123999999999999,0.014839999999999999,0.04936,0.004199999999999999,0.0012400000000000002,0.0020399999999999997,0.0017200000000000002,0.0061200000000000004,0.0024400000000000003,0.0005600000000000001
221,0.29219999999999996,0.0732,0.0422,0.46116,0.031120000000000002,0.06952,0.00812,0.00128,0.0026,0.00276,0.011319999999999998,0.00404,0.00047999999999999996
222,0.47664,0.07876000000000001,0.04508,0.24443999999999996,0.04068,0.07767999999999999,0.00844,0.00184,0.00564,0.00496,0.00996,0.005319999999999999,0.00056
226,0.12804000000000001,0.19444,0.07804000000000001,0.11204000000000001,0.00948,0.4472399999999999,0.0017599999999999994,0.00112,0.0015600000000000002,0.01108,0.0078,0.006839999999999999,0.00056
236,0.30826000000000003,0.193332,0.204192,0.07417599999999999,0.053936000000000005,0.09861199999999999,0.034096,0.0007199999999999999,0.009080000000000001,0.008424000000000001,0.007824000000000001,0.007148,0.0002
238,0.1278,0.20628,0.04544,0.21316,0.01984,0.25603999999999993,0.00212,0.06644,0.0012799999999999999,0.0008399999999999999,0.03732,0.00852,0.01492
239,0.10576,0.30783999999999995,0.014439999999999998,0.32948,0.01116,0.17248000000000002,0.00356,0.014039999999999999,0.00128,0.001,0.022719999999999997,0.00432,0.01192
250,0.45948000000000006,0.15472,0.14552,0.06308,0.04304,0.08100000000000002,0.02192,0.00020000000000000004,0.009559999999999999,0.01304,0.00508,0.0032000000000000006,0.00016
251,0.6127200000000002,0.12340000000000001,0.13536,0.035919999999999994,0.048999999999999995,0.018319999999999996,0.0042,8e-05,0.0062000000000000015,0.006919999999999999,0.0041199999999999995,0.0037600000000000003,0.0
252,0.43956,0.18708,0.054880000000000005,0.07128000000000001,0.06688,0.03432,0.06540000000000001,0.00088,0.054920000000000004,0.00884,0.007319999999999999,0.008480000000000001,0.00016
260,0.25852,0.17492,0.12236,0.05888000000000001,0.12187999999999999,0.030920000000000003,0.01312,0.00012000000000000003,0.020600000000000004,0.0058,0.18184000000000003,0.01088,0.00016
262,0.2446,0.24191999999999997,0.14187999999999998,0.20004,0.02896,0.12176000000000002,0.0028,0.00028,0.0031600000000000005,0.00792,0.0024400000000000003,0.004,0.00024
267,0.15508,0.20527999999999996,0.04283999999999999,0.0726,0.012119999999999999,0.4859200000000001,0.0009199999999999999,0.005799999999999999,0.00248,0.0032,0.005599999999999999,0.00764,0.0005200000000000001
272,0.12888,0.15376,0.024319999999999998,0.41063999999999995,0.013279999999999998,0.24168,0.0021599999999999996,0.008119999999999999,0.00248,0.00052,0.00908,0.00232,0.0027600000000000003
273,0.28008,0.21716,0.1894,0.18744000000000002,0.033960000000000004,0.07935999999999999,0.0020799999999999994,0.00012000000000000003,0.0015199999999999999,0.00496,0.0007599999999999999,0.0028000000000000004,0.00036
274,0.2888,0.12756,0.18887999999999996,0.14188,0.16440000000000002,0.02408,0.00332,0.0,0.05199999999999999,0.00356,0.0014399999999999999,0.0040399999999999985,4e-05
277,0.21636,0.27876,0.06436,0.12028,0.0078000000000000005,0.28128,0.0016,0.00524,0.0007999999999999999,0.0012400000000000002,0.012920000000000001,0.004999999999999999,0.00436
280,0.12284,0.17912,0.07443999999999999,0.11979999999999999,0.01588,0.45599999999999996,0.0030400000000000006,0.0017599999999999998,0.00516,0.0024400000000000003,0.016640000000000002,0.0026799999999999997,0.0002
282,0.18788000000000002,0.18364000000000003,0.03796,0.18336,0.024879999999999996,0.27568,0.015999999999999997,0.0026,0.01344,0.0020399999999999997,0.06416,0.00796,0.00039999999999999996
283,0.4382,0.31856000000000007,0.07128,0.0546,0.023239999999999997,0.02532,0.021040000000000003,0.00012000000000000003,0.021439999999999997,0.015040000000000003,0.00468,0.00644,4e-05
285,0.45448000000000005,0.33468,0.056,0.05988000000000002,0.0092,0.02224,0.02488,8e-05,0.01908,0.01364,0.00204,0.0038000000000000004,0.0
286,0.29956,0.22991999999999999,0.083,0.11092,0.043960000000000006,0.18036,0.0034799999999999996,0.00572,0.0054800000000000005,0.0086,0.011599999999999997,0.01472,0.00268
287,0.16499999999999998,0.23967999999999998,0.07215999999999999,0.11231999999999999,0.016800000000000002,0.3382800000000001,0.0028799999999999997,0.01328,0.008360000000000001,0.0020399999999999997,0.010839999999999999,0.01784,0.0005200000000000001
289,0.20772000000000002,0.2808,0.07024,0.07424,0.03064,0.28187999999999996,0.00756,0.0044800000000000005,0.0067599999999999995,0.00748,0.012440000000000001,0.01504,0.00072
291,0.35988000000000003,0.16956,0.11488000000000001,0.15927999999999998,0.10579999999999999,0.06852,0.0044800000000000005,0.00012000000000000002,0.005599999999999999,0.004880000000000001,0.0015600000000000002,0.005279999999999999,0.00016
296,0.14908,0.15968000000000002,0.37523999999999996,0.11348000000000001,0.03168,0.12768,0.00312,0.0009199999999999999,0.01624,0.00312,0.005520000000000001,0.01368,0.0005600000000000001
306,0.16816,0.04732,0.07300000000000001,0.6884400000000002,0.00848,0.005920000000000001,0.00104,8e-05,0.00468,0.0004,0.00031999999999999997,0.00216,0.0
311,0.21996,0.14732,0.020160000000000004,0.13168000000000002,0.018159999999999996,0.4410800000000001,0.00316,0.00424,0.00056,0.0022400000000000002,0.006600000000000001,0.0024,0.00244
321,0.16920000000000002,0.18324000000000001,0.10683999999999999,0.09848,0.044039999999999996,0.3285199999999999,0.00292,0.01372,0.00504,0.0078000000000000005,0.01188,0.027680000000000003,0.0006399999999999999
332,0.14104,0.22044,0.08879999999999999,0.13227999999999998,0.08091999999999999,0.21792000000000003,0.02288,0.00264,0.02336,0.006719999999999999,0.042519999999999995,0.01992,0.00056
335,0.1612,0.27935999999999994,0.04256000000000001,0.25492,0.01756,0.21239999999999998,0.00436,0.00196,0.00652,0.00572,0.00672,0.005279999999999999,0.0014400000000000003
340,0.24476,0.33624,0.06032,0.10904,0.0262,0.20312,0.0022,0.00096,0.00248,0.004920000000000001,0.0038400000000000005,0.00488,0.00104
341,0.13476000000000002,0.2662,0.15839999999999999,0.10672,0.045040000000000004,0.24336000000000002,0.006639999999999999,0.0034,0.00468,0.006679999999999999,0.01788,0.0056,0.0006399999999999999
345,0.82032,0.030120000000000004,0.04548,0.08804000000000001,0.0042,0.0088,0.00068,0.0,0.00048,0.0006799999999999999,0.00047999999999999996,0.00047999999999999996,0.00023999999999999998
355,0.14664,0.18183999999999997,0.08751999999999999,0.21492000000000003,0.041960000000000004,0.29691999999999996,0.0047599999999999995,0.00196,0.00368,0.0016,0.0132,0.00436,0.00064
360,0.13376,0.23764,0.035120000000000005,0.21739999999999995,0.029359999999999997,0.2626,0.00964,0.012359999999999998,0.010519999999999996,0.0015199999999999999,0.03988,0.008280000000000001,0.0019199999999999998
377,0.3185175342465754,0.20020958904109587,0.17696931506849317,0.06340821917808219,0.03300630136986302,0.16620164383561647,0.009906301369863015,0.0004043835616438356,0.002438082191780822,0.019674520547945204,0.004309041095890411,0.004455890410958905,0.0004991780821917808
381,0.30944000000000005,0.22580000000000006,0.13576000000000002,0.10019999999999998,0.04804,0.14496,0.00636,0.00168,0.00316,0.0044,0.016200000000000003,0.0038799999999999998,0.00012
387,0.08836000000000001,0.13479999999999998,0.06416000000000001,0.46276000000000006,0.04892,0.08127999999999999,0.022159999999999996,0.00424,0.01908,0.00156,0.028840000000000005,0.042280000000000005,0.00156
389,0.12172,0.16336,0.09780000000000001,0.36324,0.0546,0.10368,0.01512,0.00376,0.02008,0.0018400000000000005,0.02064,0.03224,0.0019200000000000003
391,0.18159999999999998,0.34676000000000007,0.08815999999999999,0.17864,0.012360000000000001,0.13204,0.00372,0.0108,0.0009599999999999998,0.0038,0.02044,0.00328,0.01744
395,0.11812,0.15984,0.10404000000000001,0.0788,0.06328,0.43363999999999997,0.004399999999999999,0.005799999999999999,0.00448,0.00292,0.018000000000000002,0.00624,0.00044000000000000007
401,0.39476,0.23364,0.0994,0.1286,0.033999999999999996,0.09528000000000002,0.0015600000000000002,0.00044,0.0005600000000000001,0.00608,0.0012799999999999999,0.00228,0.0021200000000000004
402,0.22264,0.25220000000000004,0.07579999999999999,0.14684,0.009439999999999999,0.2674,0.0006799999999999999,0.0014,0.0009199999999999998,0.01388,0.00176,0.0053999999999999986,0.00164
404,0.75872,0.02444,0.026840000000000003,0.17991999999999997,0.0024,0.0034399999999999995,0.0006799999999999999,4e-05,0.001,0.00020000000000000004,0.0006,0.00168,4e-05
405,0.6179999999999999,0.07903999999999999,0.07888,0.18363999999999994,0.01076,0.01724,0.0018000000000000002,0.00016,0.00352,0.0013600000000000003,0.0014000000000000002,0.00408,0.00012000000000000003
408,0.7232399999999999,0.018920000000000003,0.0168,0.23832,0.00036,0.001,0.00012000000000000002,8e-05,0.00044,0.00012000000000000002,8e-05,0.0005200000000000001,0.0
414,0.40135999999999994,0.22979999999999995,0.09604000000000001,0.08404,0.030039999999999997,0.13012,0.0042,0.0012399999999999998,0.00392,0.00392,0.007279999999999999,0.006719999999999999,0.0013199999999999998
424,0.13764,0.23604000000000003,0.09867999999999999,0.17712,0.047920000000000004,0.17415999999999995,0.04448,0.00104,0.01924,0.00392,0.029920000000000006,0.0294,0.00043999999999999996
428,0.11071999999999999,0.21099999999999997,0.05844,0.18964,0.018080000000000002,0.3626,0.0036000000000000003,0.011199999999999998,0.005,0.001,0.01568,0.01116,0.0018800000000000002
431,0.17891999999999994,0.15724,0.032440000000000004,0.11107999999999998,0.015719999999999998,0.43304,0.0033200000000000005,0.01604,0.0026,0.002479999999999999,0.02788000000000001,0.0038399999999999992,0.015399999999999999
433,0.15544,0.09388000000000002,0.009959999999999998,0.0768,0.01776,0.6060800000000001,0.00068,0.01048,0.00035999999999999997,0.0032400000000000003,0.01836,0.00196,0.004999999999999998
434,0.14704,0.0792,0.00796,0.07855999999999999,0.020519999999999997,0.6086000000000001,0.00104,0.02636,0.0007199999999999999,0.00108,0.023039999999999998,0.00208,0.0037999999999999996
436,0.1326,0.09432000000000001,0.00852,0.10856000000000002,0.011759999999999998,0.61388,0.0016799999999999999,0.00616,0.0005200000000000001,0.00176,0.013840000000000002,0.00192,0.00448
448,0.09175999999999998,0.18684,0.05508000000000001,0.47852,0.01824,0.03136,0.0014799999999999995,0.0276,4e-05,0.00124,0.041639999999999996,0.00072,0.06548
457,0.15628,0.11744,0.052439999999999994,0.041120000000000004,0.01488,0.55352,0.028280000000000003,0.0026399999999999996,0.00896,0.009519999999999999,0.00856,0.006039999999999999,0.00032
460,0.3706,0.20587999999999998,0.13920000000000002,0.042440000000000005,0.030879999999999998,0.13028,0.02868,0.0002,0.01272,0.024480000000000002,0.00616,0.00836,0.00012
463,0.17167999999999997,0.25704000000000005,0.08036000000000001,0.11972000000000001,0.02692,0.29204,0.0062,0.0023200000000000004,0.010600000000000002,0.0007599999999999999,0.022279999999999998,0.00944,0.0006399999999999999
469,0.16844,0.18444,0.027240000000000004,0.07896,0.03496,0.48008,0.0022400000000000007,0.00412,0.00212,0.0021600000000000005,0.01108,0.0034,0.0007599999999999999
475,0.07344,0.2036,0.08344,0.11560000000000001,0.00656,0.4609999999999999,0.0016399999999999995,0.02208,0.00108,0.0009199999999999999,0.013719999999999998,0.0048,0.012119999999999999
479,0.42088000000000003,0.25228,0.16944,0.05832,0.04456,0.022240000000000003,0.00972,8e-05,0.005999999999999999,0.00336,0.005119999999999999,0.00792,8e-05
482,0.12928,0.10612,0.05164,0.59192,0.00864,0.08096,0.0027199999999999998,0.0012800000000000003,0.00196,0.00452,0.0092,0.004959999999999999,0.0068000000000000005
483,0.17023999999999997,0.15296000000000004,0.09292000000000002,0.42028,0.008719999999999999,0.11612,0.0022799999999999995,0.002,0.00308,0.00764,0.00812,0.006879999999999999,0.00876
492,0.34037600000000007,0.268576,0.078064,0.15036000000000002,0.030896,0.098208,0.0036720000000000004,0.00552,0.0014080000000000002,0.00268,0.01024,0.00636,0.00364
495,0.40576000000000007,0.213,0.08864,0.15464,0.02344,0.09856000000000001,0.00236,0.0006,0.00064,0.005240000000000001,0.00176,0.00444,0.00092
501,0.6876,0.2022,0.014439999999999998,0.03556000000000001,0.00476,0.0008,0.019559999999999998,4e-05,0.02848,0.00356,0.00012000000000000002,0.0028799999999999997,0.0
505,0.2522,0.34096000000000004,0.17924,0.16676,0.02092,0.020440000000000003,0.00244,4e-05,0.0094,0.0013999999999999998,0.00116,0.005,4e-05
520,0.09612,0.33452,0.07623999999999999,0.17664,0.031439999999999996,0.20496,0.029119999999999993,0.0017600000000000003,0.00788,0.00136,0.0246,0.01476,0.0006000000000000001
521,0.073,0.18568,0.05776,0.1386,0.02372,0.45684,0.018520000000000002,0.0023199999999999996,0.006319999999999999,0.00112,0.028999999999999998,0.00624,0.0008799999999999999
534,0.14284,0.37704000000000004,0.03528,0.14444,0.049800000000000004,0.13524,0.033800000000000004,0.0030800000000000007,0.021799999999999996,0.0056,0.027200000000000002,0.023520000000000003,0.0003599999999999999
537,0.1872,0.3847600000000001,0.0288,0.2576,0.05544,0.02648,0.023,0.00019999999999999998,0.021680000000000005,0.0031600000000000005,0.00476,0.0068000000000000005,0.00012000000000000002
541,0.23332,0.18991999999999998,0.34487999999999996,0.07412,0.029880000000000007,0.11616000000000001,0.0019200000000000005,0.0,0.0014,0.005000000000000001,0.0006799999999999999,0.0025200000000000005,0.0002
546,0.4387200000000001,0.20347999999999997,0.10132000000000001,0.11164,0.0566,0.06496,0.007,0.00020000000000000004,0.0044,0.005,0.0020000000000000005,0.00436,0.00032
547,0.12752,0.19527999999999998,0.08128,0.14548000000000003,0.00872,0.34556000000000003,0.00212,0.013799999999999998,0.006519999999999999,0.002,0.007679999999999999,0.06268000000000001,0.00136
557,0.42003999999999997,0.13732,0.06212000000000001,0.23168,0.0554,0.05351999999999999,0.006119999999999998,0.00052,0.00792,0.007320000000000001,0.00464,0.013040000000000001,0.0003599999999999999
566,0.26036,0.28332,0.10932,0.18212000000000003,0.015520000000000003,0.12088000000000002,0.00188,0.0008399999999999999,0.0025199999999999992,0.0021999999999999997,0.00432,0.013439999999999999,0.0032799999999999995
572,0.32508,0.25196,0.060239999999999995,0.10144,0.071,0.14008,0.009439999999999999,0.0031600000000000005,0.006359999999999999,0.0035600000000000007,0.01736,0.0098,0.0005200000000000001
575,0.29291999999999996,0.22507999999999997,0.11835999999999999,0.21992,0.05328,0.06264,0.0015999999999999999,0.00124,0.00156,0.008199999999999999,0.0027599999999999994,0.010839999999999999,0.0016
584,0.46904,0.11443999999999999,0.09696,0.21164,0.04308,0.047400000000000005,0.003,0.00023999999999999998,0.00304,0.00192,0.00492,0.0042,0.00012
590,0.3402,0.21644000000000002,0.08356,0.07759999999999999,0.030719999999999994,0.21488,0.0044399999999999995,0.0015999999999999999,0.0038800000000000006,0.00792,0.008879999999999999,0.009600000000000001,0.00028000000000000003
593,0.18511999999999998,0.20364000000000002,0.08339999999999999,0.11376,0.030000000000000002,0.32636000000000004,0.00904,0.00204,0.006639999999999999,0.00432,0.02036,0.01492,0.0004
597,0.09051999999999999,0.1784,0.22768000000000002,0.05680000000000001,0.01408,0.40868,0.0012000000000000001,0.00012000000000000002,0.00252,0.011760000000000001,0.005959999999999998,0.002,0.00028000000000000003
599,0.39256,0.11436,0.27771999999999997,0.09503999999999999,0.019200000000000002,0.09359999999999999,0.00052,0.00012,0.00136,0.0024400000000000003,0.0017200000000000002,0.00116,0.0002
603,0.3732,0.21128,0.17732,0.1336,0.03564,0.054880000000000005,0.0038,0.0,0.00184,0.00272,0.0018800000000000002,0.0037600000000000003,8e-05
606,0.11575999999999999,0.2058,0.02408,0.09467999999999999,0.00944,0.49500000000000005,0.00352,0.01916,0.00716,0.00068,0.01608,0.0076,0.0010400000000000001
607,0.1874,0.29604,0.03052,0.09340000000000001,0.030279999999999998,0.33748,0.0015999999999999996,0.004,0.0026,0.002,0.00956,0.004679999999999999,0.00044
616,0.3846399999999999,0.11743999999999997,0.28748000000000007,0.1754,0.00384,0.02496,0.00068,8e-05,0.00068,0.0022400000000000002,0.0005600000000000001,0.00176,0.00024
617,0.17784,0.1818,0.16504,0.13216,0.01804,0.24648,0.00452,0.00404,0.00592,0.012279999999999998,0.022,0.028160000000000004,0.0017199999999999995
618,0.13892,0.19596,0.24871999999999997,0.10307999999999999,0.033280000000000004,0.23967999999999998,0.00264,0.001,0.0070799999999999995,0.00992,0.01376,0.005639999999999999,0.00032
620,0.24588000000000002,0.22572,0.03424,0.10980000000000001,0.011080000000000001,0.32716,0.00344,0.00728,0.00428,0.0037999999999999996,0.0108,0.015200000000000003,0.00132
622,0.15292,0.23752,0.02448,0.2174,0.01892,0.26504,0.00448,0.028839999999999994,0.00656,0.00088,0.0174,0.02304,0.00252
626,0.18288000000000001,0.1562,0.02912,0.19891999999999999,0.03332000000000001,0.32764000000000004,0.0054,0.018160000000000003,0.00296,0.005719999999999999,0.02768,0.00592,0.0060799999999999995
628,0.26124,0.14036,0.32648000000000005,0.19024,0.02392,0.046159999999999986,0.0015600000000000002,8e-05,0.0027999999999999995,0.003,0.00116,0.00268,0.00032
635,0.108,0.16784000000000002,0.03584,0.12896,0.030000000000000006,0.44512,0.008,0.03456,0.00876,0.0007199999999999999,0.02432,0.0059999999999999975,0.0018800000000000002
636,0.08612,0.14604,0.02796,0.13008,0.016880000000000003,0.55156,0.0038799999999999998,0.01728,0.0030000000000000005,0.00028000000000000003,0.00868,0.00532,0.00292
639,0.0932,0.17508,0.03652,0.12752,0.013399999999999999,0.51384,0.0024800000000000004,0.012119999999999999,0.0042,0.00056,0.00768,0.011759999999999998,0.0016400000000000002
648,0.10272,0.23000000000000004,0.06108,0.14168,0.010280000000000001,0.4348800000000001,0.0025599999999999998,0.00104,0.00244,0.00504,0.00616,0.00172,0.00039999999999999996
650,0.16828,0.11412,0.25107999999999997,0.28844000000000003,0.10439999999999999,0.043559999999999995,0.0036000000000000008,0.00024,0.011040000000000001,0.00288,0.008719999999999999,0.00352,0.00012000000000000003
651,0.18816,0.19927999999999998,0.20876,0.17544,0.056040000000000006,0.12512,0.005959999999999999,0.0026799999999999997,0.009720000000000001,0.0036,0.0172,0.007359999999999999,0.0006799999999999999
652,0.10171999999999999,0.20820000000000005,0.11920000000000001,0.22516000000000003,0.037680000000000005,0.17776,0.014279999999999996,0.007879999999999998,0.02508,0.0024799999999999996,0.061320000000000006,0.01752,0.00172
658,0.10239999999999998,0.18156,0.05795999999999999,0.10924,0.01792,0.44176,0.006,0.02816,0.00792,0.001,0.0348,0.00796,0.00332
659,0.26715999999999995,0.25724,0.08388000000000001,0.08072,0.024640000000000002,0.25244,0.00452,0.003959999999999999,0.0034,0.00316,0.012280000000000001,0.005200000000000001,0.0014
660,0.20810399999999998,0.1594,0.30244,0.103268,0.01714,0.18824800000000003,0.001924,0.000364,0.0020000000000000005,0.0073679999999999995,0.00368,0.004908,0.0011560000000000001
675,0.1536,0.26116,0.05743999999999999,0.12300000000000003,0.03216,0.30896000000000007,0.00368,0.006840000000000001,0.00708,0.0028,0.01316,0.029720000000000003,0.0004
678,0.1104,0.30123999999999995,0.13468000000000002,0.076,0.04828,0.255,0.010600000000000002,0.00316,0.01888,0.00476,0.02288,0.01356,0.0005600000000000001
687,0.18528,0.17668000000000003,0.17336,0.31727999999999995,0.02784,0.07103999999999999,0.004399999999999999,0.00236,0.0060799999999999995,0.005680000000000001,0.00908,0.019119999999999998,0.0018000000000000002
699,0.107,0.22728000000000004,0.05836000000000001,0.1086,0.04019999999999999,0.3382800000000001,0.006200000000000001,0.006319999999999999,0.00988,0.0015199999999999999,0.09092,0.0048,0.00064
700,0.09548,0.23128,0.0864,0.10280000000000002,0.02648,0.37604000000000004,0.004920000000000001,0.007639999999999999,0.011,0.00084,0.050120000000000005,0.00604,0.0009599999999999999
714,0.17456000000000002,0.15904000000000001,0.09048,0.11604,0.01904,0.39871999999999996,0.0038799999999999993,0.0017199999999999997,0.005920000000000001,0.0048000000000000004,0.019119999999999998,0.00612,0.0005600000000000001
715,0.33348,0.21592,0.13200000000000003,0.17727999999999997,0.0358,0.08327999999999999,0.0031199999999999995,8e-05,0.0022799999999999995,0.00356,0.00276,0.01024,0.0002
716,0.19332,0.1572,0.11548,0.19399999999999998,0.04088,0.2562,0.00572,0.00144,0.01012,0.00408,0.0142,0.007040000000000001,0.00032
721,0.25576,0.21948,0.23016,0.11296,0.01888,0.14388,0.0022400000000000002,0.00012000000000000002,0.0005200000000000001,0.01124,0.00132,0.00272,0.00072
724,0.55312,0.09128,0.08412,0.24124,0.0054399999999999995,0.014479999999999998,0.00232,4e-05,0.0016799999999999999,0.0036000000000000003,0.0006,0.00188,0.0002
729,0.25164,0.16164000000000003,0.17664000000000002,0.20368,0.030320000000000007,0.11868,0.009,0.0017200000000000002,0.011440000000000002,0.0035999999999999995,0.01136,0.019880000000000002,0.0004000000000000001
732,0.06488,0.16672000000000003,0.05916,0.17416,0.01432,0.4825599999999999,0.004599999999999999,0.00132,0.00592,0.0032400000000000003,0.01704,0.00556,0.0005200000000000001
734,0.29812000000000005,0.05672,0.04312000000000001,0.53444,0.00848,0.04528000000000001,0.0020800000000000003,0.0005200000000000001,0.00216,0.00068,0.0030800000000000007,0.0048,0.00052
737,0.23411999999999997,0.04896,0.04172,0.6361200000000001,0.00936,0.01976,0.0011200000000000001,0.0002,0.00164,0.00108,0.00132,0.00424,0.00035999999999999997
738,0.11176000000000001,0.03004,0.02488,0.8148799999999999,0.00496,0.009159999999999998,0.00039999999999999996,0.00012000000000000003,0.0007999999999999999,0.00047999999999999996,0.00039999999999999996,0.0018399999999999996,0.00028000000000000003
741,0.25432,0.43412000000000006,0.11095999999999999,0.09428000000000002,0.02912,0.06528,0.0017999999999999997,0.00012000000000000002,0.0014000000000000002,0.00316,0.0015999999999999999,0.003480000000000001,0.00036
742,0.14942168674698794,0.2512120481927711,0.03670506024096385,0.3163783132530121,0.014618795180722888,0.20062987951807226,0.0024462650602409637,0.002682409638554217,0.007499277108433734,0.00276,0.009859277108433734,0.003767710843373494,0.002019277108433735
743,0.13656,0.22304,0.07272,0.21407999999999996,0.01676,0.28696,0.00808,0.00088,0.013439999999999999,0.002,0.019880000000000002,0.0051600000000000005,0.00044
744,0.48932000000000003,0.13456,0.06988,0.28172,0.00852,0.0098,0.00172,8e-05,0.00132,0.001,0.0004,0.0015600000000000002,0.00012000000000000002
748,0.48879999999999996,0.10699999999999998,0.21259999999999998,0.08879999999999999,0.03872,0.01644,0.00552,0.0,0.015359999999999999,0.006599999999999999,0.0033199999999999996,0.0168,4e-05
754,0.21556,0.26968,0.0752,0.08636,0.044320000000000005,0.14451999999999998,0.05264,0.00976,0.024840000000000004,0.00852,0.03172,0.03612,0.00076
758,0.15048,0.15944,0.03404,0.11108000000000001,0.05063999999999999,0.47056000000000003,0.00312,0.0027600000000000003,0.00124,0.001,0.00732,0.00488,0.0034399999999999995
759,0.06436000000000001,0.08995999999999998,0.009519999999999999,0.06344,0.01496,0.73736,0.00168,0.0044399999999999995,0.00168,0.00039999999999999996,0.00812,0.00244,0.00164
767,0.05944,0.08408,0.010879999999999999,0.07288,0.00472,0.7336799999999999,0.0009199999999999999,0.013640000000000001,0.0012,0.00028,0.01324,0.00288,0.00216
769,0.095985,0.12807,0.005409999999999999,0.21900999999999998,0.010295,0.474825,0.0036649999999999994,0.02113,0.000695,0.00106,0.023245000000000002,0.0025700000000000002,0.01404
770,0.08238285714285716,0.1075382857142857,0.0036217142857142854,0.14748685714285711,0.004884571428571428,0.6125062857142857,0.0006182857142857142,0.01509257142857143,0.0002502857142857143,0.0002868571428571429,0.011854857142857144,0.0006228571428571429,0.012853714285714288
776,0.11424,0.17828,0.056119999999999996,0.08632000000000001,0.045680000000000005,0.44044,0.017480000000000002,0.0044,0.0044,0.008039999999999999,0.030600000000000002,0.012839999999999999,0.00116
783,0.14244,0.5354,0.02992,0.13735999999999998,0.0506,0.040279999999999996,0.02712,0.00036,0.02132,0.0036799999999999992,0.005639999999999999,0.005799999999999999,8e-05
784,0.10004000000000002,0.5098800000000001,0.025719999999999996,0.23715999999999995,0.042,0.032720000000000006,0.019039999999999998,0.00016,0.01444,0.00268,0.00672,0.009319999999999998,0.00012000000000000003
786,0.13672,0.35492,0.04564000000000001,0.07936000000000001,0.04139999999999999,0.24483999999999997,0.02744,0.00312,0.028999999999999998,0.0084,0.018719999999999997,0.010159999999999999,0.00028000000000000003
787,0.27599999999999997,0.26632,0.0668,0.05160000000000001,0.02844,0.20271999999999998,0.02748,0.00116,0.029759999999999998,0.016720000000000002,0.007679999999999999,0.02524,8e-05
806,0.51556,0.32228,0.05312,0.0402,0.01348,0.01156,0.012360000000000001,8e-05,0.01616,0.00388,0.0024,0.008879999999999999,4e-05
812,0.26812,0.14931999999999998,0.07292,0.08863999999999998,0.031959999999999995,0.36148,0.005240000000000001,0.0008399999999999999,0.00208,0.00428,0.006239999999999999,0.00832,0.0005600000000000001
813,0.4513199999999999,0.263,0.17139999999999997,0.057679999999999995,0.02536,0.013239999999999998,0.00596,4e-05,0.00432,0.00224,0.00232,0.0029599999999999995,0.00016
814,0.19516000000000003,0.31912000000000007,0.08216,0.09648,0.06659999999999999,0.15460000000000004,0.013119999999999998,0.00752,0.01212,0.0064399999999999995,0.021520000000000004,0.023919999999999993,0.0012399999999999998
816,0.11924,0.19036,0.03844,0.2054,0.032600000000000004,0.28132000000000007,0.014560000000000003,0.016200000000000003,0.01452,0.0024000000000000002,0.056479999999999995,0.02368,0.0048
819,0.36432,0.31424,0.09584,0.10035999999999999,0.045399999999999996,0.060840000000000005,0.005000000000000001,0.0004,0.00292,0.0016,0.00224,0.00636,0.00048
823,0.16076,0.11515999999999998,0.21968,0.41500000000000004,0.0136,0.06456,0.00096,0.00016,0.0015199999999999999,0.00336,0.0021199999999999995,0.0026399999999999996,0.00048
829,0.16284,0.3408,0.18075999999999998,0.1536,0.01072,0.12832,0.0008799999999999999,0.0027199999999999998,0.00023999999999999998,0.00036,0.00644,0.0022,0.01012
832,0.1206,0.24491999999999997,0.08232,0.19856,0.0092,0.3275600000000001,0.0015600000000000002,0.0021199999999999995,0.0009599999999999999,0.00112,0.00608,0.0026,0.0023999999999999994
836,0.17887999999999998,0.22992,0.14288,0.21508000000000002,0.09360000000000002,0.10171999999999999,0.01176,0.0002,0.0063999999999999994,0.00908,0.00476,0.005079999999999999,0.00064
841,0.23976000000000003,0.16868,0.27508,0.15772,0.015399999999999999,0.13076,0.00136,0.00028000000000000003,0.00168,0.00532,0.00124,0.0020399999999999997,0.0006799999999999999
842,0.07100000000000001,0.20984000000000003,0.18008,0.12628,0.0082,0.36751999999999996,0.00356,0.0018399999999999996,0.005240000000000001,0.006799999999999999,0.013399999999999999,0.00472,0.00152
845,0.06292,0.24567999999999998,0.15711999999999998,0.10803999999999998,0.020399999999999998,0.3599200000000001,0.0024800000000000004,0.005399999999999999,0.01036,0.0041199999999999995,0.01704,0.005200000000000001,0.00132
847,0.23764000000000002,0.27248,0.052360000000000004,0.12215999999999999,0.0404,0.20528000000000002,0.0077599999999999995,0.00484,0.0166,0.00392,0.018959999999999998,0.01696,0.0006399999999999999
848,0.13612,0.1638,0.23928000000000002,0.19292000000000006,0.030039999999999997,0.18923999999999996,0.004720000000000001,0.0011599999999999998,0.00512,0.0064,0.01496,0.01436,0.0018800000000000004
849,0.42796,0.21472,0.14412,0.053360000000000005,0.03252000000000001,0.05560000000000001,0.03212,0.00036,0.0032800000000000004,0.019200000000000002,0.01264,0.00344,0.00068
850,0.24423999999999998,0.13959999999999997,0.36648000000000003,0.13435999999999998,0.01672,0.08960000000000001,0.0012399999999999998,0.00012000000000000002,0.00072,0.0024000000000000002,0.0016799999999999999,0.0026399999999999996,0.0002
857,0.503,0.09860000000000003,0.2628,0.10871999999999998,0.008520000000000002,0.012400000000000001,0.00064,0.0,0.0007999999999999999,0.00216,0.00064,0.00164,8e-05
866,0.39924,0.22028,0.12211999999999999,0.045320000000000006,0.09144000000000001,0.0612,0.018719999999999997,0.0003999999999999999,0.004840000000000001,0.010239999999999999,0.0222,0.00384,0.00016
873,0.27327999999999997,0.22283999999999998,0.06012000000000001,0.07268000000000001,0.029399999999999996,0.30243999999999993,0.00576,0.0028399999999999996,0.00268,0.0036,0.01092,0.01296,0.00048
881,0.30019999999999997,0.12816,0.27028,0.19552,0.0074800000000000005,0.0922,0.00096,0.0,0.0008799999999999999,0.00296,0.00028000000000000003,0.0008799999999999999,0.0002
882,0.21622588235294118,0.2023552941176471,0.2320023529411765,0.10880941176470589,0.08253647058823531,0.1353270588235294,0.0039552941176470595,0.00020000000000000004,0.002214117647058823,0.005870588235294118,0.003371764705882353,0.006691764705882354,0.00044000000000000007
883,0.23020000000000002,0.21844000000000002,0.18108,0.09608,0.11367999999999999,0.13824,0.00564,0.00020000000000000004,0.0016799999999999999,0.0046,0.00484,0.00496,0.00036
884,0.14739999999999998,0.21567999999999998,0.26299999999999996,0.24447999999999995,0.01304,0.07848000000000001,0.0072,0.0008399999999999999,0.00356,0.00584,0.00704,0.01224,0.0012
885,0.27052,0.1874,0.21020000000000003,0.20448,0.0316,0.06860000000000002,0.003,0.00028000000000000003,0.00288,0.008519999999999998,0.0027600000000000003,0.008320000000000001,0.0014399999999999999
886,0.17852,0.1672,0.2628,0.24800000000000003,0.02328,0.07855999999999999,0.00432,0.00052,0.00472,0.014480000000000002,0.0054399999999999995,0.0106,0.00156
888,0.11540000000000002,0.24788000000000004,0.094,0.18992,0.022,0.28308,0.0031999999999999993,0.0054399999999999995,0.01048,0.00404,0.012560000000000002,0.009720000000000001,0.00228
891,0.07564,0.04892,0.39944,0.42492,0.01088,0.03327999999999999,0.00136,8e-05,0.0014400000000000003,0.0019600000000000004,0.0013200000000000002,0.00068,8e-05
892,0.09776,0.14608,0.06772,0.38320000000000004,0.02552,0.23880000000000004,0.00788,0.0009599999999999998,0.00564,0.00232,0.017599999999999998,0.006,0.0005200000000000001
897,0.16132000000000002,0.1196,0.013520000000000003,0.26108000000000003,0.009759999999999998,0.40716,0.0025199999999999992,0.0072000000000000015,0.0012000000000000001,0.00056,0.01072,0.00232,0.00304
904,0.48388,0.22196,0.04752,0.11108000000000003,0.02132,0.004760000000000001,0.02808,0.0005200000000000001,0.044840000000000005,0.003999999999999999,0.00136,0.030560000000000004,0.00012000000000000002
911,0.15696000000000002,0.22416000000000003,0.08347999999999998,0.11564,0.025079999999999998,0.32132,0.0018,0.0041199999999999995,0.04512,0.00268,0.013319999999999999,0.00588,0.00043999999999999996
916,0.13424,0.14028000000000002,0.01768,0.09268000000000001,0.007679999999999999,0.56684,0.0018,0.02092,0.001,0.0016,0.00892,0.0033199999999999996,0.00304
925,0.23895999999999998,0.31464,0.13488,0.05743999999999999,0.14780000000000001,0.04359999999999999,0.01596,0.00032,0.00968,0.01212,0.01632,0.008239999999999999,4e-05
928,0.34076000000000006,0.24180000000000001,0.19168,0.11668,0.028239999999999998,0.06808000000000002,0.0017599999999999998,0.0002,0.0008400000000000001,0.00452,0.0031599999999999996,0.0021999999999999997,8e-05
