field_id,Wheat,Mustard,Lentil,No Crop,Green pea,Sugarcane,Garlic,Maize,Gram,Coriander,Potato,Bersem,Rice
11,0.19635999999999998,0.22612000000000004,0.07772000000000001,0.13364,0.02084,0.28024000000000004,0.00212,0.018160000000000003,0.0005200000000000001,0.0009599999999999999,0.01916,0.00316,0.020999999999999998
13,0.45931999999999995,0.16868,0.10516,0.13999999999999999,0.029279999999999997,0.0706,0.007520000000000001,0.00068,0.0028399999999999996,0.0048000000000000004,0.0034,0.00432,0.0034000000000000002
19,0.32439999999999997,0.24536000000000002,0.13808,0.089,0.028360000000000003,0.15836,0.00164,0.00108,0.0012000000000000001,0.004800000000000001,0.003239999999999999,0.00356,0.00092
21,0.10115999999999999,0.21203999999999998,0.1466,0.21384,0.0376,0.22708000000000003,0.013519999999999999,0.00416,0.0064800000000000005,0.0013599999999999999,0.0262,0.007360000000000001,0.0026000000000000003
25,0.17980000000000002,0.045520000000000005,0.08668,0.66452,0.00356,0.013319999999999999,0.0008,0.00016,0.0006399999999999999,0.00043999999999999996,0.00047999999999999996,0.0030000000000000005,0.00108
26,0.18760000000000002,0.12456,0.4414,0.13348000000000002,0.02852,0.05816,0.00188,0.00056,0.0052,0.00164,0.0035600000000000002,0.01336,8e-05
29,0.17108,0.17824,0.21151999999999999,0.14708,0.022160000000000003,0.222,0.003919999999999999,0.0037999999999999996,0.00916,0.0030800000000000007,0.014079999999999999,0.013519999999999999,0.00036
39,0.049600000000000005,0.2372,0.05855999999999999,0.05008,0.008280000000000001,0.5080399999999999,0.00224,0.00112,0.004240000000000001,0.0017599999999999998,0.07103999999999999,0.007520000000000001,0.00032
44,0.21031999999999995,0.23748,0.022879999999999998,0.1806,0.01608,0.26008,0.00592,0.03284,0.00404,0.0016,0.01884,0.006919999999999999,0.0024000000000000002
48,0.0944,0.26652000000000003,0.1322,0.13424,0.03112,0.24364,0.00984,0.005439999999999999,0.01568,0.0030400000000000006,0.03184,0.03128,0.00076
52,0.28687999999999997,0.15672,0.05876,0.3590399999999999,0.04404,0.046,0.015799999999999998,0.0005200000000000001,0.0066,0.015639999999999998,0.003640000000000001,0.00616,0.0002
63,0.23732,0.2466,0.0642,0.12872,0.021760000000000005,0.2704,0.00476,0.00468,0.0066,0.0017599999999999998,0.00988,0.00284,0.00047999999999999996
64,0.13692000000000001,0.19008,0.06264,0.09064,0.01276,0.4727999999999999,0.0032,0.00464,0.00396,0.005720000000000001,0.01272,0.0037999999999999996,0.00012000000000000002
65,0.24680000000000002,0.18604,0.104,0.09476,0.05872,0.15067999999999998,0.027520000000000003,0.02684,0.00936,0.0142,0.04259999999999999,0.009040000000000001,0.029440000000000004
67,0.40676,0.09939999999999999,0.16704,0.31323999999999996,0.0026000000000000007,0.006240000000000001,0.0006,0.0,0.0016799999999999999,0.00156,0.00012000000000000002,0.0007199999999999999,4e-05
68,0.32848,0.12992,0.1782,0.2858,0.01228,0.04504,0.0012799999999999999,0.00016,0.0036399999999999996,0.00392,0.0018799999999999997,0.009040000000000001,0.00035999999999999997
69,0.3779599999999999,0.08288000000000001,0.10631999999999998,0.42303999999999997,0.00248,0.0042,0.0005600000000000001,0.0,0.00084,0.00108,0.00016,0.00048000000000000007,0.0
79,0.17343999999999998,0.13976,0.014,0.16748000000000002,0.01028,0.43795999999999996,0.00468,0.01564,0.0009199999999999999,0.0035999999999999995,0.020319999999999998,0.00204,0.00988
90,0.12668,0.2698,0.05308,0.08807999999999999,0.05055999999999999,0.35407999999999995,0.004320000000000001,0.01032,0.00436,0.0019999999999999996,0.020679999999999997,0.0148,0.0012399999999999996
92,0.12832,0.29624,0.0394,0.11832000000000001,0.034,0.33508000000000004,0.00984,0.005359999999999999,0.00372,0.0020399999999999997,0.016280000000000003,0.01,0.0014
94,0.09244000000000001,0.17912,0.049519999999999995,0.1056,0.059840000000000004,0.19340000000000004,0.08596000000000001,0.007919999999999998,0.01736,0.0078000000000000005,0.17687999999999998,0.02344,0.0007199999999999999
95,0.18895999999999993,0.47312000000000004,0.05208000000000001,0.062360000000000006,0.09324000000000003,0.034480000000000004,0.027119999999999995,0.00028000000000000003,0.04076,0.013600000000000001,0.00336,0.010639999999999998,0.0
99,0.15103999999999995,0.23552,0.0298,0.08995999999999998,0.020479999999999998,0.44032,0.00152,0.008839999999999999,0.0026799999999999997,0.0012399999999999998,0.00928,0.008879999999999999,0.00044000000000000007
105,0.10175999999999999,0.01676,0.019559999999999998,0.85232,0.002,0.00596,0.00019999999999999998,4e-05,0.00028,0.00035999999999999997,0.00012000000000000002,0.00039999999999999996,0.00023999999999999998
109,0.43016,0.1916,0.050480000000000004,0.15203999999999998,0.04604,0.10303999999999999,0.00784,0.0025599999999999998,0.00088,0.00172,0.0057599999999999995,0.00248,0.005399999999999999
119,0.15259999999999999,0.22024000000000002,0.15644,0.11411999999999997,0.01868,0.28996,0.005719999999999999,0.0015200000000000003,0.00584,0.0098,0.015200000000000002,0.00968,0.0002
129,0.14567999999999998,0.37244,0.04736,0.04772,0.03672,0.27636,0.017839999999999998,0.00136,0.02172,0.00908,0.00892,0.01468,0.00012000000000000002
146,0.11198344827586205,0.1300841379310345,0.014780689655172414,0.3356441379310345,0.006313103448275862,0.2585696551724138,0.0016179310344827586,0.027357241379310344,0.0010055172413793105,0.0012468965517241379,0.038424827586206904,0.0012882758620689654,0.0716841379310345
148,0.12976000000000001,0.14187999999999998,0.01744,0.4278,0.0078,0.0832,0.0006799999999999999,0.0362,0.00012000000000000002,0.0015199999999999997,0.042080000000000006,0.00076,0.11076
151,0.29124000000000005,0.20859999999999995,0.10807999999999998,0.14096,0.16948,0.05920000000000001,0.006,0.00012000000000000002,0.00516,0.0036800000000000005,0.0020000000000000005,0.00508,0.00039999999999999996
160,0.07188,0.12844,0.037360000000000004,0.15639999999999998,0.00956,0.5708799999999999,0.0029999999999999996,0.00068,0.0037199999999999993,0.0026,0.011519999999999999,0.0037600000000000003,0.0002
162,0.2542,0.14107999999999998,0.43079999999999996,0.02776,0.01804,0.030040000000000004,0.03476,0.00016,0.039920000000000004,0.014800000000000002,0.0050799999999999994,0.00332,4e-05
166,0.14087999999999998,0.19952000000000006,0.15116000000000002,0.1934,0.01092,0.25676,0.002,0.006119999999999999,0.00344,0.0022800000000000003,0.014400000000000001,0.01684,0.00228
168,0.19004000000000001,0.12079999999999999,0.26872,0.09780000000000001,0.05416000000000001,0.24216,0.00396,0.00024000000000000003,0.00268,0.00328,0.006039999999999999,0.009760000000000001,0.00036
169,0.26344,0.18647999999999998,0.20772000000000004,0.10855999999999999,0.02024,0.18008,0.0018799999999999997,0.0008,0.00236,0.01184,0.007599999999999998,0.00892,8e-05
180,0.63416,0.07204,0.08159999999999999,0.19507999999999998,0.004399999999999999,0.0072,0.00104,8e-05,0.00124,0.00172,0.00044,0.00096,4e-05
182,0.7353599999999999,0.05851999999999999,0.048639999999999996,0.14324,0.00492,0.00448,0.0016799999999999996,8e-05,0.00132,0.0009199999999999999,0.00016,0.00068,0.0
183,0.14487999999999998,0.35184,0.04136000000000001,0.19492,0.03384,0.17647999999999997,0.00672,0.0024,0.00428,0.00236,0.028520000000000004,0.01004,0.00236
187,0.36472000000000004,0.22780000000000003,0.10224000000000001,0.11788,0.04536,0.12524,0.004879999999999999,0.00024,0.0027199999999999998,0.0025599999999999998,0.0033200000000000005,0.00292,0.00012000000000000002
189,0.1616,0.19296,0.04224,0.14300000000000002,0.0172,0.38608000000000003,0.00976,0.0030000000000000005,0.01012,0.001,0.027520000000000006,0.0051199999999999996,0.0004
191,0.13576,0.23579999999999998,0.06876,0.12272,0.007680000000000001,0.39044,0.0028400000000000005,0.0032,0.00212,0.01076,0.00872,0.00992,0.0012799999999999999
196,0.11755999999999998,0.12983999999999998,0.01996,0.4288400000000001,0.01,0.13164,0.0016399999999999997,0.03624,0.00016,0.00308,0.04048,0.001,0.07955999999999999
208,0.21567999999999998,0.2364,0.04876000000000001,0.20504,0.0288,0.21054,0.004079999999999999,0.00754,0.0106,0.0017399999999999996,0.01508,0.01324,0.0025
209,0.14455999999999997,0.24419999999999994,0.0422,0.19444000000000006,0.09351999999999999,0.22427999999999998,0.0028,0.0067599999999999995,0.010680000000000002,0.0014000000000000002,0.017839999999999998,0.01624,0.00108
212,0.48408000000000007,0.152,0.16912000000000002,0.10447999999999999,0.01856,0.06172000000000001,0.0023599999999999997,0.0002,0.00064,0.0019200000000000003,0.0006,0.0037599999999999995,0.00056
213,0.25048,0.25528000000000006,0.0794,0.15084000000000003,0.006959999999999999,0.23212000000000002,0.0015199999999999997,0.0029199999999999994,0.0014000000000000004,0.0034,0.0076,0.00372,0.00436
217,0.55732,0.19260000000000002,0.035239999999999994,0.08948,0.016599999999999997,0.09356,0.00224,0.0017199999999999997,0.00056,0.0026,0.00392,0.0021600000000000005,0.002
219,0.17507999999999999,0.06628,0.037880000000000004,0.6045599999999999,0.034839999999999996,0.05016,0.008,0.0016799999999999996,0.005880000000000001,0.00224,0.00972,0.00352,0.00016
220,0.2292,0.047639999999999995,0.02204,0.6192,0.01536,0.04584,0.00464,0.0012400000000000002,0.00268,0.00232,0.006200000000000001,0.0034400000000000003,0.0002
221,0.2902,0.07592,0.039959999999999996,0.46804000000000007,0.030600000000000002,0.06536,0.00684,0.0025200000000000005,0.00288,0.00276,0.010320000000000001,0.00408,0.00052
222,0.48131999999999997,0.08012,0.04220000000000001,0.24259999999999998,0.039720000000000005,0.07848,0.007,0.0019999999999999996,0.00476,0.0051199999999999996,0.01108,0.0051600000000000005,0.00044
226,0.12748,0.19712000000000005,0.08016000000000001,0.1122,0.00964,0.43828000000000006,0.00216,0.00112,0.0026,0.011679999999999998,0.0096,0.0070799999999999995,0.00088
236,0.30377599999999993,0.198296,0.19596800000000003,0.07638,0.052968,0.104656,0.032472,0.000628,0.008992,0.008812,0.0078119999999999995,0.008740000000000001,0.0005
238,0.1308,0.21172000000000002,0.04536,0.21195999999999998,0.018439999999999998,0.25108,0.00284,0.06820000000000001,0.00132,0.0011200000000000001,0.03508,0.00796,0.01412
239,0.10144,0.31312,0.015080000000000001,0.32632,0.012600000000000002,0.17243999999999998,0.003,0.01448,0.0012000000000000001,0.0013200000000000002,0.024599999999999997,0.00396,0.01044
250,0.4538399999999999,0.14964,0.14468000000000003,0.06440000000000001,0.04631999999999999,0.08436,0.021599999999999994,0.00016,0.01168,0.014080000000000002,0.00544,0.00372,8e-05
251,0.6141199999999999,0.11923999999999998,0.13488,0.03448,0.050640000000000004,0.01788,0.00512,0.0,0.007840000000000001,0.00836,0.0037999999999999996,0.00356,8e-05
252,0.429,0.19787999999999997,0.051959999999999985,0.06984,0.06776,0.03672,0.06472,0.0006799999999999999,0.056960000000000004,0.00844,0.006800000000000001,0.00912,0.00012000000000000003
260,0.25692000000000004,0.17764000000000002,0.12628,0.0524,0.12236,0.030160000000000003,0.012280000000000001,0.0002,0.02096,0.006000000000000001,0.18296000000000004,0.011840000000000002,0.0
262,0.25288,0.24412,0.13808,0.19923999999999997,0.026000000000000002,0.12015999999999999,0.0036399999999999996,0.00028000000000000003,0.0028799999999999997,0.00712,0.00264,0.0028,0.00016
267,0.15864,0.20123999999999997,0.04184,0.07288,0.012319999999999998,0.48727999999999994,0.00116,0.006360000000000001,0.00216,0.0029199999999999994,0.00576,0.007039999999999999,0.0004
272,0.12744000000000003,0.16296,0.025120000000000003,0.41800000000000004,0.01156,0.22932000000000002,0.00244,0.007520000000000001,0.0023999999999999994,0.00031999999999999997,0.0076,0.0024,0.00292
273,0.2946,0.21699999999999997,0.18436,0.18811999999999998,0.0292,0.0744,0.0014399999999999997,4e-05,0.00192,0.00544,0.0011200000000000001,0.00196,0.0004
274,0.28368000000000004,0.131,0.1846,0.14751999999999998,0.16644,0.024240000000000005,0.0041600000000000005,8e-05,0.04948,0.0032400000000000007,0.0018799999999999997,0.0034800000000000005,0.0002
277,0.2088,0.28352,0.06592,0.1198,0.007120000000000002,0.2836,0.002,0.00464,0.0013200000000000002,0.00132,0.011600000000000001,0.0048400000000000006,0.00552
280,0.12564,0.17436,0.07819999999999999,0.12284,0.01468,0.45164,0.003439999999999999,0.0024400000000000003,0.004999999999999999,0.00188,0.01624,0.0035199999999999997,0.00012000000000000002
282,0.18716,0.19587999999999997,0.03696,0.17448,0.0262,0.27536,0.01652,0.0024000000000000002,0.012000000000000002,0.00176,0.0618,0.009079999999999998,0.0004
283,0.4349999999999999,0.31548,0.0726,0.05348,0.02548,0.02628,0.023999999999999997,8e-05,0.02284,0.014559999999999998,0.0038399999999999997,0.006279999999999998,8e-05
285,0.45648,0.33104000000000006,0.057640000000000004,0.05876,0.008440000000000001,0.021880000000000004,0.02604,0.00012,0.0202,0.013159999999999998,0.00188,0.004359999999999999,0.0
286,0.30232000000000003,0.22808,0.08584,0.11356,0.04256,0.17607999999999996,0.00396,0.00596,0.004879999999999999,0.007359999999999999,0.0108,0.016199999999999996,0.0024000000000000002
287,0.15968,0.23232,0.07355999999999999,0.11104,0.01704,0.35303999999999996,0.00324,0.01332,0.00844,0.0015199999999999997,0.011080000000000001,0.0146,0.00112
289,0.21024,0.25895999999999997,0.07108,0.08024,0.0286,0.29756,0.007039999999999999,0.0037200000000000006,0.00592,0.006919999999999999,0.013479999999999999,0.015519999999999999,0.00072
291,0.35616,0.17148000000000002,0.11635999999999999,0.16227999999999998,0.10643999999999998,0.06356,0.00408,8e-05,0.00516,0.005999999999999999,0.0024000000000000002,0.00588,0.00012000000000000002
296,0.15056,0.14944000000000002,0.3768399999999999,0.11528000000000001,0.03424,0.1284,0.0034000000000000007,0.0010799999999999998,0.01584,0.00284,0.005199999999999999,0.0162,0.0006799999999999999
306,0.16791999999999999,0.051000000000000004,0.07279999999999999,0.6831200000000001,0.00892,0.00728,0.00144,0.00012000000000000002,0.0046,0.00052,0.00044,0.0017599999999999998,8e-05
311,0.23063999999999998,0.14612,0.022679999999999995,0.13171999999999998,0.0158,0.4312,0.00324,0.0042,0.00108,0.00228,0.00672,0.00216,0.00216
321,0.17207999999999998,0.1784,0.10404,0.09676,0.04072,0.33612,0.00232,0.013880000000000002,0.0056,0.008,0.013,0.02728,0.0018
332,0.13936,0.22603999999999996,0.0838,0.13107999999999997,0.07964,0.2218,0.021120000000000003,0.0025599999999999993,0.025320000000000002,0.0064,0.042120000000000005,0.020319999999999998,0.00044
335,0.15692,0.28707999999999995,0.04108,0.24708,0.017599999999999998,0.21972000000000005,0.004200000000000001,0.00172,0.00512,0.00656,0.00728,0.00472,0.0009199999999999999
340,0.24632,0.32904,0.05596,0.11375999999999999,0.02596,0.2084,0.0021200000000000004,0.0014000000000000002,0.0019200000000000003,0.0050399999999999985,0.0046,0.00436,0.00112
341,0.14192,0.26404,0.16044,0.10516000000000002,0.0426,0.23859999999999998,0.006679999999999999,0.0037199999999999998,0.00476,0.00784,0.0184,0.00508,0.0007599999999999999
345,0.8198,0.0306,0.04904,0.0852,0.004320000000000001,0.0084,0.00036,0.00011999999999999999,0.0005200000000000001,0.00039999999999999996,0.00031999999999999997,0.00076,0.00016
355,0.1488,0.17984000000000003,0.08616,0.20931999999999998,0.040839999999999994,0.30524,0.0048,0.0019199999999999998,0.0032,0.00216,0.01284,0.0041199999999999995,0.0007599999999999999
360,0.12936,0.24412,0.037000000000000005,0.21272000000000002,0.031039999999999998,0.26384,0.00996,0.012560000000000002,0.00896,0.0018000000000000002,0.03716,0.00884,0.0026400000000000004
377,0.3107687671232876,0.19576246575342465,0.18553753424657538,0.06107260273972602,0.03499150684931507,0.17149945205479455,0.009505205479452054,0.0002991780821917808,0.0020306849315068496,0.01800986301369863,0.004962739726027398,0.005231232876712328,0.00032876712328767124
381,0.30756,0.22804,0.13472,0.09676,0.04939999999999999,0.14628,0.00736,0.00132,0.0037199999999999993,0.00432,0.015799999999999998,0.00452,0.0002
387,0.08899999999999998,0.14704,0.06632,0.43504000000000004,0.04912,0.08448,0.02376,0.00396,0.020239999999999998,0.00104,0.03228,0.046279999999999995,0.00144
389,0.11560000000000001,0.16308,0.09968,0.35408,0.05152,0.10892,0.01848,0.00376,0.0212,0.0012000000000000001,0.023440000000000003,0.03704,0.002
391,0.18264000000000002,0.34992,0.08196,0.1934,0.00884,0.1218,0.00296,0.01096,0.0009599999999999998,0.00352,0.01932,0.00392,0.019799999999999998
395,0.12624000000000002,0.15176000000000003,0.10887999999999998,0.08144,0.06288,0.4268,0.004279999999999999,0.00724,0.0046,0.0026,0.01584,0.0064800000000000005,0.00096
401,0.38416,0.23391999999999996,0.10328000000000001,0.13064,0.0334,0.10144000000000002,0.0015600000000000002,0.0006000000000000001,0.0004800000000000001,0.00588,0.00112,0.00256,0.00096
402,0.21207999999999996,0.24752,0.07680000000000001,0.14596,0.009839999999999998,0.28203999999999996,0.0007199999999999999,0.0014000000000000002,0.0008000000000000001,0.014280000000000001,0.00264,0.005,0.00092
404,0.75736,0.024359999999999996,0.029199999999999997,0.18059999999999998,0.00204,0.0030399999999999997,0.0004,8e-05,0.00112,0.00019999999999999998,0.00028,0.0013200000000000002,0.0
405,0.6212799999999999,0.07748,0.07555999999999999,0.18675999999999995,0.011399999999999999,0.0162,0.0015599999999999998,0.00012000000000000003,0.0037199999999999998,0.001,0.0014400000000000003,0.0034,8e-05
408,0.71984,0.02032,0.0178,0.23824,0.00052,0.0016000000000000003,0.00032,0.0,0.00032,8e-05,0.00016,0.0008,0.0
414,0.39508,0.23304,0.09204,0.08868,0.02848,0.13228,0.005000000000000001,0.0017200000000000004,0.0027199999999999998,0.00432,0.008199999999999999,0.0073999999999999995,0.00104
424,0.14108,0.23784000000000002,0.10031999999999999,0.17352000000000004,0.047040000000000005,0.17312,0.043239999999999994,0.00152,0.01916,0.0026000000000000003,0.0304,0.029680000000000005,0.00047999999999999996
428,0.10928,0.20776,0.060840000000000005,0.19072,0.0194,0.36364,0.00396,0.011240000000000002,0.004079999999999999,0.001,0.01688,0.00972,0.00148
431,0.17691999999999997,0.16148,0.032839999999999994,0.10872,0.01652,0.43564,0.00432,0.015799999999999998,0.00184,0.00268,0.027639999999999998,0.00436,0.011240000000000002
433,0.14872000000000002,0.09359999999999999,0.008639999999999998,0.07647999999999999,0.01568,0.61852,0.00104,0.0102,0.00068,0.00316,0.017159999999999998,0.00152,0.0046
434,0.14415999999999998,0.08024,0.0072,0.07403999999999998,0.02068,0.618,0.0016799999999999999,0.027079999999999996,0.00064,0.00112,0.01836,0.00164,0.00516
436,0.12316,0.10392000000000001,0.008400000000000001,0.10688,0.01124,0.6135999999999999,0.00148,0.008,0.0006,0.00212,0.012799999999999999,0.00232,0.005479999999999999
448,0.08703999999999999,0.19152000000000002,0.05784,0.46568000000000004,0.02024,0.03384,0.00144,0.028880000000000003,0.00012000000000000002,0.0013999999999999998,0.03828,0.00036,0.07336
457,0.15488000000000002,0.11835999999999999,0.05096,0.040920000000000005,0.01492,0.55712,0.0284,0.00208,0.009040000000000001,0.008559999999999996,0.008280000000000001,0.0061600000000000005,0.00032
460,0.37356,0.20236000000000004,0.13928,0.043160000000000004,0.03004,0.12816,0.03084,0.00032,0.01244,0.0238,0.007240000000000001,0.00868,0.00012
463,0.17656,0.24888,0.07696,0.12228000000000001,0.028159999999999998,0.29656,0.007240000000000001,0.0030800000000000003,0.010280000000000001,0.0005200000000000001,0.019280000000000002,0.00952,0.00068
469,0.16948,0.18312,0.02744,0.0838,0.03508000000000001,0.47828000000000004,0.00208,0.00416,0.00168,0.0020800000000000003,0.009279999999999998,0.0030399999999999997,0.00048000000000000007
475,0.07324,0.20836000000000002,0.08815999999999999,0.11240000000000001,0.006599999999999999,0.4513200000000001,0.0023599999999999997,0.0208,0.0007599999999999999,0.00112,0.01356,0.00488,0.01644
479,0.43108,0.23492,0.17376000000000003,0.057960000000000005,0.04624,0.02132,0.010360000000000001,0.00024000000000000003,0.007119999999999999,0.0041199999999999995,0.005360000000000001,0.007319999999999999,0.0002
482,0.13404,0.11268000000000002,0.059959999999999986,0.56548,0.00928,0.08804000000000002,0.0026,0.00112,0.0021600000000000005,0.004719999999999999,0.00796,0.00488,0.0070799999999999995
483,0.17028,0.15108,0.09835999999999999,0.40432,0.008839999999999999,0.12660000000000002,0.0028800000000000006,0.00224,0.00304,0.00728,0.008440000000000001,0.00692,0.009720000000000001
492,0.344496,0.274888,0.075704,0.147888,0.028864,0.094576,0.004024,0.005768,0.001704,0.002984,0.01008,0.005247999999999999,0.0037760000000000003
495,0.40976000000000007,0.21696,0.0844,0.14484,0.02596,0.10172,0.0016000000000000003,0.0007199999999999999,0.00092,0.0052,0.0022,0.00484,0.0008799999999999999
501,0.69524,0.19788,0.013640000000000001,0.0298,0.004600000000000001,0.0007599999999999999,0.020640000000000002,8e-05,0.03096,0.003799999999999999,0.00031999999999999997,0.00228,0.0
505,0.24772,0.35535999999999995,0.16312,0.17568,0.019719999999999998,0.0176,0.0027999999999999995,8e-05,0.00968,0.0016400000000000002,0.00104,0.00548,8e-05
520,0.09251999999999999,0.3498400000000001,0.07271999999999999,0.17728,0.029120000000000004,0.20007999999999998,0.027839999999999997,0.00132,0.0071200000000000005,0.00164,0.024840000000000004,0.0148,0.0008800000000000001
521,0.07128,0.18591999999999997,0.0628,0.1394,0.02312,0.44875999999999994,0.0198,0.0021199999999999995,0.00636,0.00108,0.03228,0.006039999999999999,0.00104
534,0.14132,0.37268000000000007,0.037000000000000005,0.13636,0.054240000000000003,0.13796,0.03896,0.0031199999999999995,0.022480000000000003,0.00696,0.02592,0.02272,0.00028
537,0.18779999999999997,0.39176,0.029840000000000002,0.24352000000000001,0.06268000000000001,0.0248,0.023920000000000004,0.00024,0.021879999999999997,0.00364,0.004,0.005880000000000001,4e-05
541,0.23059999999999997,0.18684,0.35124000000000005,0.07568,0.02672,0.11524,0.00264,4e-05,0.0014000000000000002,0.00608,0.00116,0.002159999999999999,0.0002
546,0.43644,0.19984000000000002,0.10836,0.11696,0.0532,0.060800000000000014,0.00656,0.0002,0.0054399999999999995,0.0061200000000000004,0.0015999999999999999,0.00408,0.0004
547,0.12752,0.19612,0.08224,0.13668,0.008039999999999999,0.36048,0.00216,0.01236,0.0048,0.00116,0.009000000000000001,0.05844,0.001
557,0.41548,0.13835999999999998,0.06452,0.22583999999999996,0.05808,0.05616000000000001,0.006839999999999999,0.00088,0.00756,0.006560000000000001,0.005,0.014480000000000002,0.00023999999999999998
566,0.26288,0.2824,0.11187999999999998,0.1722,0.015719999999999998,0.12191999999999999,0.0018399999999999998,0.0012400000000000002,0.0020800000000000003,0.0014400000000000003,0.00524,0.01644,0.00472
572,0.33164,0.25572,0.0624,0.09612,0.06512,0.14156,0.00856,0.0026400000000000004,0.006680000000000001,0.00344,0.016960000000000003,0.00876,0.0004
575,0.2942,0.22336000000000003,0.11196000000000002,0.23496,0.05052,0.0598,0.00184,0.0011599999999999998,0.0012399999999999998,0.00796,0.00272,0.00856,0.0017199999999999997
584,0.46716,0.11472,0.09731999999999998,0.2058,0.04931999999999999,0.04499999999999999,0.0030799999999999994,0.00023999999999999998,0.0032400000000000003,0.0021199999999999995,0.006239999999999999,0.00548,0.00028000000000000003
590,0.33656,0.21508,0.08088,0.07960000000000002,0.030879999999999998,0.22355999999999998,0.00304,0.00152,0.004079999999999999,0.007599999999999999,0.00932,0.00764,0.00023999999999999995
593,0.18712,0.19328,0.07775999999999998,0.11979999999999999,0.029679999999999998,0.33519999999999994,0.007999999999999998,0.0020399999999999997,0.00628,0.00472,0.022359999999999998,0.01332,0.00044000000000000007
597,0.09380000000000001,0.17916,0.22312,0.06004,0.013759999999999998,0.4084,0.0012000000000000001,0.00020000000000000004,0.00216,0.01024,0.005680000000000001,0.00212,0.00012000000000000002
599,0.39276000000000005,0.10555999999999999,0.28768000000000005,0.09712,0.019200000000000002,0.08928,0.00096,0.00012,0.0018000000000000004,0.0025199999999999997,0.0018800000000000002,0.0009199999999999998,0.00020000000000000004
603,0.36888000000000004,0.21484,0.17216000000000004,0.134,0.03672,0.05775999999999999,0.0038399999999999997,0.00016,0.0019199999999999998,0.0027999999999999995,0.0018399999999999996,0.00484,0.00024000000000000003
606,0.1198,0.20788,0.021759999999999998,0.09907999999999999,0.00804,0.48384000000000005,0.0035199999999999997,0.02008,0.00816,0.0006399999999999999,0.01704,0.00932,0.00084
607,0.19936000000000004,0.28544,0.032240000000000005,0.09772,0.030640000000000004,0.32864,0.00188,0.00388,0.00296,0.00252,0.0096,0.00428,0.0008399999999999999
616,0.38276,0.11476,0.29684,0.17008,0.00396,0.02456,0.00092,0.0,0.00124,0.00216,0.00048,0.0019999999999999996,0.00024000000000000003
617,0.18051999999999999,0.18676,0.16756,0.12412000000000001,0.016120000000000002,0.24928000000000006,0.0048000000000000004,0.00496,0.00396,0.01256,0.021759999999999995,0.0258,0.0017999999999999997
618,0.13684,0.19168,0.25276,0.09788,0.03652,0.24544,0.00192,0.0013200000000000002,0.00592,0.01,0.013800000000000002,0.0054399999999999995,0.00048
620,0.245,0.22208000000000003,0.04052,0.10987999999999999,0.010879999999999999,0.32688,0.00296,0.007279999999999999,0.00332,0.00404,0.012199999999999999,0.013560000000000003,0.0014
622,0.15016000000000002,0.23648000000000005,0.024800000000000003,0.22588000000000003,0.018199999999999997,0.25980000000000003,0.00424,0.028120000000000003,0.0076799999999999985,0.0008399999999999999,0.019399999999999997,0.02172,0.00268
626,0.17812000000000003,0.16268000000000002,0.02996,0.19760000000000003,0.034480000000000004,0.3226,0.0058,0.017959999999999997,0.0026000000000000003,0.006239999999999999,0.02792,0.00736,0.00668
628,0.25683999999999996,0.14016,0.31944,0.20183999999999996,0.02392,0.0446,0.00132,8e-05,0.0032400000000000003,0.00404,0.00104,0.0031599999999999996,0.00032
635,0.10936,0.1712,0.03912,0.13472,0.03052,0.42895999999999995,0.00792,0.033440000000000004,0.00832,0.0012,0.025599999999999998,0.00676,0.00288
636,0.08771999999999999,0.14528,0.028000000000000004,0.13472,0.0162,0.5467200000000001,0.0033200000000000005,0.0182,0.0026,0.00044,0.00756,0.00576,0.0034799999999999996
639,0.09820000000000001,0.17548,0.0378,0.1416,0.013320000000000002,0.49044,0.0027199999999999998,0.012920000000000001,0.00432,0.00056,0.008199999999999999,0.01272,0.00172
648,0.09824000000000001,0.22916,0.05748,0.13784000000000002,0.00728,0.45296000000000003,0.0022400000000000002,0.00104,0.0016399999999999997,0.0051600000000000005,0.0051199999999999996,0.0012400000000000002,0.0006
650,0.17295999999999997,0.11839999999999999,0.24224,0.28500000000000003,0.10536,0.04335999999999999,0.0036399999999999996,0.0006000000000000001,0.01136,0.0034000000000000002,0.01,0.0032799999999999995,0.0004
651,0.18720000000000003,0.204,0.2034,0.16932,0.056119999999999996,0.13012,0.0057199999999999985,0.0031200000000000004,0.009680000000000001,0.0038799999999999998,0.01784,0.00888,0.0007199999999999999
652,0.10396,0.20856,0.12,0.21508000000000002,0.03336,0.18952,0.014159999999999999,0.01004,0.02372,0.0019199999999999998,0.06088,0.01744,0.00136
658,0.10719999999999999,0.1838,0.05604,0.11144,0.01608,0.43432,0.00652,0.026879999999999998,0.00852,0.00108,0.037079999999999995,0.008,0.00304
659,0.27696000000000004,0.25172000000000005,0.08128,0.07876,0.0238,0.25368,0.00568,0.00308,0.00296,0.0028,0.013719999999999998,0.00448,0.00108
660,0.20798,0.15311599999999997,0.304584,0.10462799999999998,0.018136,0.188304,0.002276,0.00058,0.0019640000000000005,0.008032000000000001,0.004052,0.0053879999999999996,0.0009600000000000001
675,0.15059999999999998,0.26748,0.05491999999999999,0.12088000000000002,0.03336,0.31168,0.00392,0.0058000000000000005,0.00744,0.00204,0.01168,0.029400000000000003,0.0008
678,0.10416,0.29612000000000005,0.13152,0.07768,0.051,0.2608,0.0112,0.00296,0.01956,0.003840000000000001,0.025679999999999998,0.01424,0.00124
687,0.18084,0.18432,0.17528,0.30656,0.02928,0.07488,0.00408,0.00224,0.007,0.007,0.008879999999999999,0.018320000000000003,0.00132
699,0.10876,0.20932,0.056760000000000005,0.10996000000000002,0.040279999999999996,0.35368,0.0070799999999999995,0.00652,0.00972,0.00164,0.09040000000000001,0.00492,0.00096
700,0.10316,0.21443999999999996,0.08508,0.10467999999999998,0.024839999999999994,0.38868,0.00552,0.008199999999999999,0.011439999999999999,0.00108,0.04716,0.0047599999999999995,0.00096
714,0.16972,0.15576,0.088,0.11196,0.01832,0.41316,0.00372,0.0020800000000000003,0.005719999999999999,0.00548,0.02036,0.0051199999999999996,0.0006000000000000001
715,0.34268,0.2168,0.13236,0.17228,0.0342,0.08012,0.00336,0.00023999999999999998,0.0019199999999999998,0.00344,0.00356,0.008879999999999999,0.00016
716,0.18908,0.15480000000000002,0.11136,0.19219999999999998,0.04064,0.26752000000000004,0.0068000000000000005,0.0008,0.00924,0.00416,0.01636,0.006840000000000001,0.0002
721,0.26188,0.21832,0.22383999999999998,0.11696000000000001,0.01888,0.14348,0.00212,0.00016,0.0008799999999999999,0.00912,0.0012799999999999999,0.00236,0.0007199999999999999
724,0.54152,0.09188,0.08439999999999999,0.24967999999999999,0.0054399999999999995,0.0146,0.00312,0.00016,0.0016400000000000002,0.0047599999999999995,0.00035999999999999997,0.00204,0.0004
729,0.2522,0.15159999999999998,0.17260000000000003,0.20588,0.03404,0.12340000000000001,0.00796,0.0021999999999999997,0.012320000000000001,0.00312,0.012199999999999997,0.021920000000000002,0.0005600000000000001
732,0.06916,0.16907999999999998,0.05688,0.16316,0.016960000000000003,0.4851600000000001,0.00524,0.00088,0.00592,0.00236,0.018799999999999997,0.00568,0.00072
734,0.31971999999999995,0.061320000000000006,0.051120000000000006,0.49696,0.00928,0.047720000000000005,0.00188,0.0007999999999999999,0.00268,0.0008399999999999999,0.00324,0.00408,0.00036
737,0.25592,0.057199999999999994,0.048319999999999995,0.5933999999999999,0.009919999999999998,0.024920000000000005,0.0011200000000000001,0.00044,0.0014799999999999998,0.00104,0.0012799999999999999,0.00456,0.0004
738,0.128,0.0336,0.030000000000000002,0.7877599999999999,0.00428,0.012000000000000002,0.00032,0.00016,0.0006000000000000001,0.0003599999999999999,0.00048,0.00212,0.00032
741,0.25811999999999996,0.42527999999999994,0.10672000000000001,0.09960000000000001,0.029999999999999995,0.0692,0.0017999999999999997,4e-05,0.00096,0.0034400000000000003,0.00136,0.00328,0.0002
742,0.15107132530120482,0.2520713253012048,0.0385489156626506,0.3160973493975903,0.014159518072289157,0.19724000000000003,0.0027831325301204816,0.002633253012048193,0.006585542168674698,0.002800481927710844,0.010236144578313254,0.00392289156626506,0.0018501204819277109
743,0.13464,0.22147999999999998,0.07268000000000001,0.20407999999999996,0.01548,0.30307999999999996,0.007679999999999999,0.00136,0.012999999999999998,0.00196,0.01928,0.00504,0.00024
744,0.49116,0.13248,0.06948,0.28628000000000003,0.00584,0.00936,0.00148,8e-05,0.00092,0.00092,0.00020000000000000004,0.0015600000000000002,0.00023999999999999998
748,0.48756000000000005,0.10508,0.22060000000000002,0.08952,0.0384,0.01532,0.00504,0.00012000000000000003,0.011439999999999999,0.0064,0.0028799999999999993,0.01756,8e-05
754,0.2092,0.2607999999999999,0.07524,0.08551999999999998,0.041760000000000005,0.15864000000000003,0.04828,0.01232,0.028520000000000007,0.007320000000000001,0.031799999999999995,0.03996,0.0006399999999999999
758,0.15196,0.16200000000000003,0.0346,0.11352000000000001,0.0492,0.4625999999999999,0.0034800000000000005,0.0024000000000000002,0.0009199999999999999,0.0013600000000000003,0.0086,0.005560000000000002,0.0037999999999999996
759,0.06424,0.09199999999999998,0.01124,0.06928000000000001,0.013039999999999998,0.72668,0.0024,0.00588,0.0017999999999999997,0.0006000000000000001,0.0082,0.002959999999999999,0.00168
767,0.060880000000000004,0.08788,0.01108,0.08088,0.00568,0.7184800000000001,0.0013199999999999998,0.01428,0.0013199999999999998,0.00032,0.01336,0.0026000000000000003,0.0019200000000000003
769,0.09376999999999999,0.137125,0.005155,0.22032000000000002,0.00964,0.4656,0.004145,0.021670000000000002,0.0009049999999999999,0.0010149999999999998,0.023385000000000003,0.00249,0.01478
770,0.07443085714285716,0.10337028571428573,0.0031554285714285716,0.14206400000000002,0.005035428571428572,0.6284857142857142,0.0009508571428571427,0.015501714285714287,0.00021942857142857145,0.0002605714285714286,0.013542857142857141,0.0004422857142857143,0.012540571428571429
776,0.11263999999999999,0.18012000000000003,0.0552,0.08691999999999998,0.04676,0.44532,0.01664,0.00464,0.00432,0.00632,0.027639999999999998,0.0124,0.00108
783,0.14636,0.53716,0.02936,0.12655999999999998,0.05332,0.039880000000000006,0.029320000000000002,0.00047999999999999996,0.021920000000000002,0.00436,0.00588,0.005360000000000001,4e-05
784,0.10484,0.52296,0.024640000000000006,0.21752000000000002,0.043000000000000003,0.03428,0.019200000000000002,0.00068,0.014039999999999999,0.0027199999999999998,0.007119999999999999,0.00892,8e-05
786,0.13892000000000002,0.34716,0.04492,0.07912000000000001,0.045880000000000004,0.24548,0.02584,0.0038,0.03132,0.008599999999999998,0.01884,0.009879999999999998,0.00024000000000000003
787,0.276,0.27140000000000003,0.06868,0.0526,0.029280000000000004,0.19328,0.028160000000000004,0.0012000000000000001,0.02888,0.01552,0.00816,0.02664,0.0002
806,0.51276,0.32511999999999996,0.0526,0.039760000000000004,0.014400000000000001,0.01112,0.0118,4e-05,0.0168,0.00464,0.0029200000000000003,0.00804,0.0
812,0.27412000000000003,0.14352,0.07532000000000001,0.08708,0.031039999999999998,0.35948,0.00528,0.00064,0.0032400000000000003,0.004359999999999999,0.00724,0.00836,0.00032
813,0.45804000000000006,0.2388,0.17972000000000002,0.06116,0.02736,0.014240000000000001,0.006319999999999999,0.00012000000000000002,0.00424,0.0031999999999999997,0.00288,0.0038000000000000004,0.00012000000000000002
814,0.19171999999999997,0.31423999999999996,0.08452000000000001,0.09336,0.07064000000000001,0.15612,0.01468,0.007919999999999998,0.011919999999999998,0.00624,0.022879999999999998,0.024439999999999996,0.00132
816,0.118,0.18715999999999997,0.04172,0.2006,0.03144,0.29364,0.014039999999999999,0.01596,0.012799999999999999,0.00248,0.05328,0.02464,0.00424
819,0.3618,0.3196800000000001,0.09308,0.10392,0.04052,0.06215999999999999,0.00576,0.00028000000000000003,0.00264,0.0013200000000000002,0.0024000000000000002,0.00572,0.00072
823,0.1656,0.11920000000000003,0.23092,0.39576000000000006,0.013080000000000001,0.06432,0.0012,0.00016,0.00096,0.00364,0.00184,0.0027599999999999994,0.0005600000000000001
829,0.16035999999999997,0.3601999999999999,0.16635999999999998,0.15108,0.01108,0.12544,0.0008799999999999999,0.0030800000000000003,0.00016,0.00044000000000000007,0.005919999999999999,0.00248,0.01252
832,0.11999999999999998,0.25160000000000005,0.07787999999999999,0.19784000000000002,0.00988,0.32456,0.0018799999999999997,0.00144,0.001,0.00108,0.00728,0.00268,0.0028799999999999997
836,0.18176000000000003,0.22440000000000002,0.13936,0.21048000000000003,0.10447999999999999,0.10024,0.010959999999999996,0.00028,0.00716,0.00844,0.0066799999999999984,0.005079999999999999,0.0006799999999999999
841,0.24048,0.15699999999999997,0.286,0.15932000000000002,0.013639999999999998,0.13147999999999999,0.00112,8e-05,0.0008799999999999999,0.00588,0.00132,0.002,0.0007999999999999999
842,0.07288,0.20708000000000001,0.18308,0.134,0.00772,0.36044,0.00292,0.0019199999999999998,0.0046,0.00528,0.012720000000000004,0.0054800000000000005,0.0018800000000000002
845,0.06848,0.25136,0.15592,0.10031999999999999,0.01824,0.36023999999999995,0.0026799999999999997,0.004840000000000001,0.009800000000000001,0.00436,0.0172,0.0056,0.00096
847,0.23476,0.2662,0.04812,0.12255999999999999,0.038599999999999995,0.21915999999999997,0.00852,0.005840000000000001,0.01616,0.003960000000000001,0.0192,0.01596,0.0009599999999999999
848,0.13696000000000003,0.16324000000000002,0.23868,0.19643999999999998,0.028800000000000003,0.18172000000000002,0.005320000000000001,0.0016,0.006000000000000001,0.0058,0.016919999999999998,0.01676,0.0017600000000000003
849,0.42308,0.2152,0.14631999999999998,0.05212,0.03208,0.058800000000000005,0.03284,0.0005200000000000001,0.0029199999999999994,0.01956,0.01276,0.0031999999999999997,0.0006000000000000001
850,0.24096,0.13352,0.36948000000000003,0.13807999999999998,0.01628,0.09356000000000002,0.0009199999999999998,0.00012000000000000002,0.0007199999999999999,0.00228,0.0011200000000000001,0.0026,0.00036
857,0.50048,0.09168,0.26771999999999996,0.1142,0.0077599999999999995,0.011919999999999997,0.0007199999999999999,0.0,0.00092,0.00216,0.00104,0.0013999999999999998,0.0
866,0.39216,0.21268,0.12928,0.0484,0.09612000000000001,0.06496,0.01632,0.00024,0.004359999999999999,0.010239999999999999,0.020799999999999996,0.004359999999999999,8e-05
873,0.27212000000000003,0.22907999999999998,0.06076,0.07428,0.030399999999999996,0.29008,0.00612,0.0033599999999999997,0.00284,0.00508,0.01176,0.0136,0.0005200000000000001
881,0.29835999999999996,0.11515999999999998,0.27168,0.2084,0.0064399999999999995,0.09444,0.001,0.00016,0.0005200000000000001,0.00244,0.00036,0.0006399999999999999,0.0004
882,0.22298823529411765,0.20128941176470588,0.22923058823529413,0.10903529411764706,0.0788,0.1365435294117647,0.0034235294117647055,0.0004658823529411765,0.001644705882352941,0.005894117647058824,0.0031717647058823527,0.0067411764705882365,0.0007717647058823529
883,0.23892000000000002,0.21371999999999997,0.17695999999999998,0.09416,0.11180000000000001,0.14184,0.00568,0.0005200000000000001,0.00168,0.005559999999999999,0.0029999999999999996,0.005319999999999999,0.00084
884,0.15048,0.20928,0.25792,0.24588,0.0138,0.08375999999999999,0.00704,0.0009200000000000001,0.0037600000000000003,0.005200000000000001,0.00788,0.01268,0.0014000000000000002
885,0.26544,0.18464000000000003,0.20876,0.2114,0.03052,0.0708,0.0034000000000000002,0.00028000000000000003,0.0032400000000000003,0.009320000000000002,0.0024,0.008360000000000001,0.0014399999999999999
886,0.18068,0.16768000000000002,0.26456,0.24188000000000004,0.02224,0.08224000000000001,0.004359999999999999,0.0005200000000000001,0.00456,0.014360000000000001,0.0048000000000000004,0.01068,0.0014399999999999999
888,0.11295999999999999,0.23640000000000003,0.09884000000000001,0.19123999999999994,0.0212,0.28924,0.0038,0.0051199999999999996,0.00988,0.00424,0.014719999999999999,0.010079999999999997,0.00228
891,0.08516,0.054479999999999994,0.39416,0.40844,0.013,0.03764,0.0013599999999999999,0.00012000000000000003,0.0013999999999999998,0.0018,0.0016800000000000003,0.00076,0.0
892,0.0934,0.1318,0.06648,0.3948,0.026320000000000003,0.24596000000000004,0.00856,0.00064,0.0048,0.0030000000000000005,0.01796,0.005959999999999999,0.00032
897,0.15388000000000002,0.12352,0.014679999999999995,0.25616,0.01112,0.41416,0.00216,0.006719999999999999,0.0013599999999999997,0.0006000000000000001,0.011319999999999998,0.00248,0.0018400000000000003
904,0.47568,0.22528,0.04932,0.10779999999999998,0.025280000000000004,0.00516,0.02948,0.00056,0.045559999999999996,0.00452,0.001,0.03024,0.00012000000000000002
911,0.1516,0.21023999999999998,0.08448,0.1138,0.023479999999999997,0.34715999999999997,0.00236,0.0054800000000000005,0.04008,0.0034799999999999996,0.011920000000000002,0.00564,0.00028000000000000003
916,0.1354,0.14968,0.01824,0.09624,0.0074800000000000005,0.5538,0.0024000000000000002,0.021200000000000004,0.0012000000000000001,0.0017599999999999998,0.00856,0.00264,0.0014000000000000002
925,0.23940000000000003,0.31192000000000003,0.13332,0.062079999999999996,0.15008000000000002,0.041440000000000005,0.015399999999999999,8e-05,0.010199999999999999,0.01032,0.0166,0.00904,0.00012000000000000002
928,0.34256,0.23640000000000008,0.18804,0.1212,0.030199999999999998,0.06812,0.0016000000000000003,0.00032,0.0009600000000000001,0.005639999999999999,0.00272,0.0021199999999999995,0.00012000000000000002
930,0.28308,0.18719999999999998,0.077,0.08236,0.0404,0.30032,0.00416,0.00216,0.00184,0.00572,0.00696,0.00768,0.00112
939,0.15664,0.25844,0.06155999999999999,0.20567999999999997,0.00896,0.28392,0.00192,0.00164,0.00324,0.00104,0.006239999999999999,0.0096,0.00112
945,0.11048000000000001,0.21379999999999996,0.06676,0.08112,0.01276,0.46364,0.004039999999999999,0.0041199999999999995,0.014639999999999999,0.00132,0.019079999999999996,0.00768,0.00056
