field_id,Wheat,Mustard,Lentil,No Crop,Green pea,Sugarcane,Garlic,Maize,Gram,Coriander,Potato,Bersem,Rice
11,0.25125,0.251,0.07925,0.135075,0.022825,0.198225,0.0019500000000000003,0.015249999999999998,0.0005750000000000001,0.0019749999999999998,0.01865,0.0035500000000000006,0.020425000000000002
13,0.47465000000000007,0.163975,0.12605,0.12045,0.031275,0.0533,0.010550000000000002,0.000675,0.0016250000000000001,0.003375,0.00195,0.0083,0.0038250000000000003
19,0.35265,0.219475,0.1307,0.08677499999999999,0.037275,0.15244999999999997,0.001975,0.0011500000000000002,0.0006500000000000001,0.00715,0.0033500000000000005,0.00455,0.0018499999999999999
21,0.121075,0.192325,0.166425,0.207975,0.021500000000000002,0.23030000000000003,0.012750000000000003,0.004575000000000001,0.005775,0.00115,0.022799999999999997,0.010450000000000001,0.0029000000000000002
25,0.18897500000000006,0.047725,0.089125,0.6467,0.005875,0.014074999999999999,0.0012,0.000575,0.000525,0.00045000000000000004,0.00025,0.0027,0.0018250000000000002
26,0.21119999999999997,0.145525,0.40862499999999996,0.11339999999999999,0.03295,0.05007499999999999,0.004050000000000001,0.000625,0.0052499999999999995,0.002575,0.0068000000000000005,0.018,0.000925
29,0.15927499999999994,0.2244,0.19065,0.1419,0.029875000000000006,0.166125,0.012225,0.007275000000000001,0.0117,0.0033,0.027174999999999998,0.025425000000000003,0.000675
39,0.051225,0.23994999999999997,0.052525,0.045075,0.012625,0.500125,0.004124999999999999,0.0025000000000000005,0.008375,0.0053750000000000004,0.065425,0.012275,0.0004000000000000001
44,0.18744999999999998,0.23995000000000002,0.025849999999999998,0.16435,0.009300000000000001,0.26825,0.00785,0.055625,0.00405,0.0014500000000000001,0.023025,0.010150000000000001,0.0027
48,0.08307500000000001,0.28442500000000004,0.115375,0.14537499999999998,0.033225,0.18539999999999998,0.0142,0.012124999999999999,0.014275,0.001575,0.056675,0.05355,0.000725
52,0.3061,0.168475,0.07357499999999999,0.31237499999999996,0.036275,0.05109999999999999,0.020399999999999998,0.00027500000000000007,0.009875,0.011475000000000003,0.00375,0.005774999999999999,0.00055
63,0.23182500000000003,0.23792500000000003,0.068575,0.14842499999999997,0.025224999999999997,0.2511,0.004725,0.0036750000000000003,0.005625,0.004175,0.012725,0.003725,0.0022749999999999997
64,0.1434,0.1943,0.062075000000000005,0.09307499999999999,0.014475000000000002,0.4441,0.0033,0.006999999999999999,0.004175,0.007174999999999999,0.019375,0.0073,0.00025
65,0.28025,0.17939999999999998,0.089175,0.102575,0.051975,0.15645000000000003,0.029249999999999998,0.0239,0.006125,0.011600000000000001,0.03655,0.0094,0.023350000000000003
67,0.38875,0.093925,0.11735,0.37829999999999997,0.007300000000000001,0.008075,0.0017749999999999999,2.5e-05,0.002075,0.00135,0.00025000000000000006,0.0006750000000000001,0.00015000000000000001
68,0.388875,0.12192500000000002,0.11302500000000001,0.2938,0.020474999999999997,0.03285,0.004925,0.00020000000000000004,0.0039250000000000005,0.005725,0.003550000000000001,0.009850000000000003,0.0008750000000000001
69,0.36605000000000004,0.07329999999999999,0.093725,0.455125,0.002375,0.004274999999999999,0.001625,5e-05,0.001025,0.0013750000000000001,0.000275,0.0005750000000000001,0.00022500000000000002
79,0.1954,0.16775,0.0247,0.16720000000000002,0.008425,0.37817500000000004,0.004475000000000001,0.01535,0.001275,0.0026250000000000006,0.020624999999999998,0.0028,0.011199999999999998
90,0.14005,0.29405,0.06035,0.0874,0.027000000000000003,0.31662500000000005,0.005650000000000001,0.02015,0.0046,0.0035499999999999998,0.023325,0.016075,0.001175
92,0.13765,0.29537499999999994,0.05345,0.12725,0.021949999999999997,0.30152500000000004,0.007575,0.0058249999999999994,0.0056500000000000005,0.002925,0.020575,0.018949999999999998,0.0013
94,0.09352500000000001,0.199325,0.05090000000000001,0.11550000000000002,0.038849999999999996,0.23845000000000002,0.06405000000000001,0.0171,0.018475,0.009575,0.128825,0.024950000000000007,0.000475
95,0.187275,0.432225,0.053550000000000014,0.08159999999999999,0.09469999999999999,0.03695,0.039474999999999996,0.0013499999999999999,0.035324999999999995,0.006250000000000001,0.008724999999999998,0.022324999999999998,0.00025
99,0.134775,0.28295000000000003,0.038775000000000004,0.087175,0.020749999999999998,0.37920000000000004,0.0030000000000000005,0.01575,0.0046749999999999995,0.002975,0.01615,0.012675,0.0011500000000000002
105,0.081675,0.017825,0.018875000000000003,0.871625,0.00195,0.004325,0.00035,7.500000000000001e-05,0.00022500000000000002,0.00035000000000000005,0.0001,0.0021999999999999997,0.00042500000000000003
109,0.383075,0.237625,0.07405,0.139925,0.03995,0.09239999999999998,0.011074999999999998,0.002975,0.0008749999999999999,0.0022749999999999997,0.00485,0.0026999999999999997,0.008225
119,0.1454,0.23347500000000002,0.15019999999999997,0.103125,0.0209,0.276775,0.00945,0.003425,0.009975000000000001,0.008549999999999999,0.023974999999999996,0.01445,0.00030000000000000003
129,0.151425,0.336525,0.046725,0.05550000000000001,0.033025,0.28007499999999996,0.02255,0.0032249999999999996,0.021300000000000003,0.009349999999999999,0.017675000000000003,0.02245,0.00017500000000000005
146,0.13703793103448275,0.15062844827586205,0.025974137931034483,0.34261551724137934,0.00918103448275862,0.19466982758620693,0.002749137931034483,0.036610344827586204,0.0009663793103448276,0.0031336206896551725,0.047034482758620696,0.002626724137931034,0.04677241379310345
148,0.148125,0.1442,0.030399999999999996,0.41597499999999993,0.012050000000000002,0.053450000000000004,0.0013750000000000001,0.053325000000000004,0.000275,0.004825,0.0576,0.0013500000000000003,0.07705000000000001
151,0.29522499999999996,0.20045000000000002,0.135275,0.13820000000000002,0.14937499999999998,0.057624999999999996,0.008400000000000001,0.00042500000000000003,0.0036750000000000007,0.0029,0.002525,0.005075,0.0008500000000000001
160,0.085775,0.158975,0.044575,0.153275,0.01385,0.4959,0.00385,0.00145,0.0077,0.00395,0.021775,0.008075,0.0008500000000000001
162,0.256175,0.17,0.38112499999999994,0.034,0.025474999999999998,0.028749999999999998,0.04032500000000001,0.00042500000000000003,0.0429,0.01135,0.005775000000000001,0.0034000000000000002,0.00030000000000000003
166,0.149725,0.205425,0.14515,0.17165000000000002,0.013425000000000001,0.24869999999999998,0.0029249999999999996,0.0066749999999999995,0.009325000000000002,0.0018999999999999998,0.021275000000000002,0.019875000000000004,0.00395
168,0.2183,0.12225,0.19835,0.096575,0.05005,0.289925,0.004825,0.00047500000000000005,0.0032250000000000004,0.0031750000000000003,0.003974999999999999,0.00825,0.0006250000000000001
169,0.308925,0.17779999999999999,0.16394999999999998,0.10925,0.03225,0.14470000000000002,0.005325,0.000975,0.0054,0.027275,0.011875,0.011200000000000002,0.001075
180,0.64815,0.075625,0.07857499999999999,0.17425000000000002,0.007250000000000002,0.007575,0.0021,2.5e-05,0.0024749999999999998,0.00185,0.00037500000000000006,0.0016,0.00015000000000000001
182,0.7379,0.055175,0.055299999999999995,0.13605,0.0072499999999999995,0.0035750000000000005,0.001425,2.5e-05,0.0013500000000000003,0.0007250000000000002,0.00022500000000000002,0.0009249999999999999,7.500000000000001e-05
183,0.16074999999999998,0.329475,0.040125,0.20767499999999997,0.015925,0.19744999999999996,0.005299999999999999,0.003275,0.0024749999999999998,0.0028750000000000004,0.018349999999999998,0.01175,0.004575
187,0.377375,0.2034,0.11434999999999998,0.14190000000000003,0.046525000000000004,0.10055,0.003925,0.0003500000000000001,0.00175,0.0024249999999999996,0.0033499999999999997,0.0032249999999999996,0.000875
189,0.130425,0.168675,0.0397,0.135175,0.009300000000000001,0.46770000000000006,0.004974999999999999,0.004200000000000001,0.011000000000000001,0.002125,0.0197,0.006499999999999999,0.0005250000000000001
191,0.13932499999999998,0.243325,0.085875,0.13067499999999999,0.012900000000000002,0.330525,0.006325,0.004974999999999999,0.006300000000000001,0.005050000000000001,0.015674999999999998,0.0161,0.00295
196,0.15295,0.13824999999999996,0.03655,0.433375,0.015500000000000002,0.07577500000000001,0.0017000000000000001,0.040925,0.0005,0.0056500000000000005,0.04965000000000001,0.0017000000000000003,0.047475
208,0.184275,0.2412875,0.0514625,0.2034625,0.020050000000000005,0.21769999999999998,0.00795,0.014137499999999999,0.012299999999999998,0.0015125,0.024149999999999998,0.019549999999999998,0.0021625000000000004
209,0.16195,0.24439999999999998,0.048900000000000006,0.20004999999999998,0.028724999999999997,0.23180000000000003,0.004,0.011649999999999999,0.019250000000000003,0.002875,0.019075,0.025675,0.00165
212,0.47702500000000003,0.158675,0.1725,0.10507499999999999,0.0229,0.05125,0.004350000000000001,0.0003000000000000001,0.0006,0.0014249999999999998,0.00042500000000000003,0.00485,0.0006250000000000001
213,0.23787499999999998,0.24399999999999997,0.0772,0.14315,0.012174999999999998,0.25675,0.0022000000000000006,0.002800000000000001,0.000775,0.0017749999999999999,0.007549999999999999,0.005525,0.008225
217,0.49,0.23317500000000002,0.0572,0.09437500000000001,0.015924999999999998,0.09377500000000003,0.00315,0.00195,0.00030000000000000003,0.0026500000000000004,0.003225,0.001875,0.0024
219,0.23294999999999996,0.09104999999999999,0.04165,0.5101499999999999,0.038925,0.04635,0.012000000000000002,0.00285,0.005625,0.0037,0.009675,0.004475,0.0006000000000000001
220,0.2399,0.061925,0.024274999999999994,0.5957,0.013375,0.03535,0.0073750000000000005,0.0030499999999999993,0.004575,0.00255,0.00575,0.005325000000000001,0.0008500000000000001
221,0.30977499999999997,0.0946,0.040525000000000005,0.43697499999999995,0.030749999999999996,0.05245,0.0085,0.0030499999999999993,0.004725,0.0043,0.008625,0.004875,0.0008500000000000003
222,0.43855,0.110625,0.0495,0.23047499999999996,0.044625,0.079325,0.008074999999999999,0.0033750000000000004,0.007225,0.0042,0.014199999999999999,0.008924999999999999,0.0009
226,0.1283,0.198925,0.066375,0.10812500000000003,0.008725,0.467375,0.002525,0.0014,0.0015,0.00575,0.0049,0.005275,0.0008250000000000002
236,0.3369025,0.20312999999999998,0.1888425,0.0772025,0.042350000000000006,0.07699,0.04722750000000001,0.000515,0.0078049999999999994,0.0058000000000000005,0.00481,0.006897499999999999,0.0015275
238,0.145125,0.207075,0.028499999999999998,0.20414999999999997,0.018099999999999998,0.26980000000000004,0.002975,0.056674999999999996,0.00245,0.00195,0.03295000000000001,0.010699999999999998,0.01955
239,0.11247499999999999,0.271025,0.01905,0.31362500000000004,0.0118,0.197175,0.0072,0.017175,0.0012000000000000001,0.0015249999999999999,0.02245,0.00645,0.018850000000000002
250,0.46955,0.1677,0.11925,0.07345,0.0363,0.058800000000000005,0.037099999999999994,0.0003250000000000001,0.014024999999999998,0.012375,0.00585,0.0047,0.000575
251,0.557825,0.12580000000000002,0.14664999999999997,0.04145,0.08345,0.013449999999999997,0.008324999999999999,7.500000000000001e-05,0.009325,0.006075,0.004549999999999999,0.0029000000000000002,0.000125
252,0.39099999999999996,0.2007,0.055924999999999996,0.09867500000000001,0.05945,0.047375,0.070225,0.0018999999999999998,0.0411,0.006050000000000001,0.011774999999999999,0.015574999999999999,0.00025
260,0.2808,0.200125,0.10549999999999998,0.067925,0.105375,0.028649999999999995,0.019925000000000002,0.0004000000000000001,0.024525,0.00535,0.1486,0.012375,0.0004500000000000001
262,0.28359999999999996,0.24099999999999996,0.14622500000000002,0.175075,0.031050000000000005,0.10435,0.0039000000000000007,0.000475,0.0019249999999999996,0.0040999999999999995,0.0028000000000000004,0.00465,0.0008500000000000002
267,0.161,0.20955000000000001,0.0422,0.071575,0.017575,0.46412499999999995,0.0012749999999999999,0.004375,0.002025,0.00575,0.007524999999999999,0.012025000000000001,0.001
272,0.12765,0.16777499999999998,0.021525000000000002,0.3581,0.009575,0.2745,0.003275,0.01215,0.0037749999999999997,0.001,0.01225,0.004274999999999999,0.00415
273,0.2831,0.20102499999999998,0.15335000000000004,0.18922500000000006,0.0514,0.103725,0.0037,0.00015000000000000001,0.0029000000000000002,0.0044,0.0017749999999999999,0.0045249999999999995,0.0007250000000000001
274,0.27990000000000004,0.153775,0.1644,0.14075000000000001,0.15835000000000002,0.030775000000000004,0.005199999999999999,0.000125,0.05522499999999999,0.003425,0.003175,0.004599999999999999,0.00030000000000000003
277,0.26335,0.28624999999999995,0.070875,0.13655,0.008775,0.20037500000000003,0.0024,0.004699999999999999,0.00135,0.0019000000000000002,0.008325,0.007050000000000002,0.0081
280,0.1148,0.15765,0.055624999999999994,0.1265,0.007350000000000001,0.5052,0.00315,0.00295,0.006999999999999999,0.0025250000000000003,0.013175000000000003,0.0036000000000000003,0.0004750000000000001
282,0.1929,0.16147499999999998,0.04755,0.18055000000000002,0.022175,0.301975,0.011075,0.0032500000000000007,0.010825,0.003075,0.053825000000000005,0.01,0.0013250000000000004
283,0.43497499999999995,0.34164999999999995,0.06584999999999999,0.052075,0.01765,0.01885,0.0304,0.00015000000000000001,0.022975000000000006,0.007625,0.00325,0.00435,0.0002
285,0.465225,0.33699999999999997,0.04787500000000001,0.05245000000000001,0.007925,0.015775,0.0375,2.5e-05,0.022425,0.0095,0.0015,0.0027500000000000003,5e-05
286,0.3046,0.24154999999999993,0.076425,0.10337500000000002,0.035775,0.18239999999999998,0.002425,0.0039000000000000003,0.005699999999999999,0.0088,0.010975,0.0204,0.0036750000000000003
287,0.14957499999999999,0.2652,0.067275,0.1133,0.010925,0.319975,0.0031499999999999996,0.022750000000000003,0.009525,0.003775,0.011075,0.022375,0.0011
289,0.18447500000000003,0.2958,0.074575,0.07774999999999999,0.035425,0.25255,0.011425000000000001,0.006700000000000001,0.010700000000000001,0.0036250000000000006,0.021675000000000003,0.024375,0.000925
291,0.32845,0.18655,0.120775,0.16765000000000002,0.086575,0.07752500000000001,0.008324999999999999,0.000125,0.0061249999999999985,0.005750000000000001,0.0038000000000000004,0.008,0.00035000000000000005
296,0.1618,0.18032499999999999,0.25475,0.14234999999999998,0.05050000000000001,0.1092,0.0070999999999999995,0.003025,0.028550000000000002,0.002775,0.018250000000000002,0.0401,0.001275
306,0.1774,0.05185,0.071175,0.6761750000000001,0.009850000000000001,0.00625,0.0019249999999999998,2.5e-05,0.0022,0.0007250000000000002,0.0004000000000000001,0.00185,0.000175
311,0.25292499999999996,0.187725,0.02755,0.153025,0.017249999999999998,0.3313,0.002725,0.005875,0.0005750000000000001,0.003750000000000001,0.009475,0.003675,0.00415
321,0.20354999999999998,0.2045,0.10550000000000001,0.094225,0.03427499999999999,0.25712499999999994,0.0027,0.018125000000000002,0.010575000000000001,0.012825000000000001,0.018425,0.036575,0.0016
332,0.13765,0.22440000000000002,0.0895,0.14252499999999999,0.069725,0.16365,0.02425,0.006699999999999999,0.021300000000000003,0.006875,0.063375,0.04945,0.0006000000000000001
335,0.1221,0.27364999999999995,0.060975,0.19844999999999996,0.014225,0.27775,0.008324999999999999,0.006225,0.008774999999999998,0.002825,0.0159,0.009775,0.001025
340,0.24735,0.300225,0.051149999999999994,0.10429999999999999,0.03215,0.23917500000000005,0.001825,0.0020250000000000008,0.0016000000000000003,0.00475,0.00555,0.007325000000000001,0.0025749999999999996
341,0.15687500000000001,0.26015,0.1359,0.10125,0.0368,0.263875,0.005849999999999999,0.0023499999999999997,0.00325,0.009375000000000001,0.0148,0.008324999999999999,0.0012000000000000001
345,0.8014999999999999,0.033675000000000004,0.048,0.101125,0.0039,0.00835,0.0009749999999999997,7.500000000000001e-05,0.000325,0.000275,0.00025,0.0013499999999999999,0.0002
355,0.150175,0.16109999999999997,0.07915,0.20387500000000003,0.0242,0.3468,0.0029000000000000002,0.0022500000000000003,0.004125,0.004875,0.013925000000000003,0.0056,0.001025
360,0.1315,0.24549999999999997,0.027274999999999997,0.213125,0.016050000000000002,0.28392500000000004,0.007575000000000001,0.011425,0.007125000000000002,0.00265,0.03594999999999999,0.012325000000000001,0.005575
377,0.31805907534246575,0.20673236301369866,0.154672602739726,0.08019589041095891,0.03448578767123287,0.15722996575342466,0.013645890410958907,0.0004758561643835617,0.001855308219178082,0.019210958904109583,0.005836472602739726,0.006747431506849314,0.0008523972602739726
381,0.35847500000000004,0.21099999999999997,0.11747500000000001,0.10194999999999999,0.046125000000000006,0.1229,0.006875,0.0017,0.0038499999999999997,0.00675,0.01625,0.005150000000000001,0.0015
387,0.073975,0.14152499999999998,0.058475,0.45660000000000006,0.036449999999999996,0.08710000000000001,0.021349999999999997,0.011375000000000001,0.015325,0.0014,0.035225,0.06015,0.0010500000000000002
389,0.09522499999999999,0.17154999999999998,0.09285,0.3500749999999999,0.035,0.113775,0.01565,0.010825000000000001,0.019525,0.002,0.031175000000000005,0.061100000000000015,0.00125
391,0.20997500000000002,0.36665000000000003,0.071125,0.18532500000000002,0.012325,0.08865,0.0023500000000000005,0.014249999999999997,0.0008500000000000001,0.0029749999999999998,0.021975,0.003,0.020550000000000002
395,0.14037500000000003,0.19512500000000002,0.09375,0.07299999999999998,0.032875,0.39107499999999995,0.004325,0.011075,0.005775,0.005825000000000001,0.033525,0.012400000000000001,0.0008750000000000001
401,0.38572499999999993,0.22267499999999998,0.11542500000000001,0.12089999999999998,0.043475,0.0937,0.0026750000000000003,0.000975,0.0005000000000000001,0.00395,0.0024000000000000002,0.004525000000000001,0.0030749999999999996
402,0.204575,0.22774999999999995,0.06865,0.13395,0.01565,0.31620000000000004,0.001025,0.0029749999999999998,0.001925,0.011375,0.0032500000000000007,0.010499999999999999,0.0021750000000000003
404,0.73475,0.0269,0.033125,0.1939,0.0036000000000000003,0.003675,0.0009249999999999999,2.5e-05,0.000575,0.0004000000000000001,0.00040000000000000013,0.001675,5e-05
405,0.58405,0.09885000000000004,0.0748,0.17180000000000004,0.020825,0.024499999999999997,0.004825,0.000175,0.00715,0.00365,0.0027500000000000003,0.006375,0.00025
408,0.702775,0.02065,0.022875000000000003,0.24780000000000002,0.0010249999999999999,0.00235,0.0007749999999999999,2.5e-05,0.0005,0.00025,0.00017500000000000003,0.000675,0.000125
414,0.4249499999999999,0.184375,0.08937499999999998,0.092775,0.040925,0.126825,0.006075000000000001,0.001875,0.004275,0.007274999999999999,0.0101,0.0096,0.001575
424,0.13717500000000002,0.21725000000000003,0.09300000000000001,0.174425,0.044849999999999994,0.19310000000000002,0.04990000000000001,0.003775000000000001,0.012075,0.002425,0.04077499999999999,0.0304,0.0008500000000000001
428,0.12882499999999997,0.214825,0.050199999999999995,0.204275,0.024374999999999997,0.29447500000000004,0.011875,0.010925,0.004725,0.0008250000000000001,0.0426,0.009625,0.0024500000000000004
431,0.220975,0.1842,0.039049999999999994,0.12135,0.024274999999999998,0.352125,0.002325,0.011175,0.0013750000000000001,0.0042250000000000005,0.017575,0.00475,0.0166
433,0.143125,0.10285,0.010974999999999999,0.06292500000000001,0.014799999999999999,0.631375,0.000725,0.006874999999999999,0.0009000000000000002,0.0048,0.0132,0.0035499999999999998,0.003899999999999999
434,0.16375,0.100925,0.008325,0.06937499999999999,0.023925,0.5577249999999999,0.00295,0.029275,0.0009750000000000001,0.00245,0.030975000000000006,0.004575,0.004775000000000001
436,0.1472,0.126425,0.013125000000000001,0.10414999999999999,0.011099999999999999,0.565425,0.001925,0.005424999999999999,0.0008750000000000002,0.00215,0.012750000000000001,0.00405,0.005399999999999999
448,0.09917500000000001,0.176375,0.0466,0.50415,0.017825,0.0259,0.0018999999999999998,0.043574999999999996,0.00020000000000000006,0.003175,0.03559999999999999,0.0007500000000000002,0.044774999999999995
457,0.20522500000000002,0.14317500000000002,0.061200000000000004,0.05959999999999999,0.016875000000000005,0.43444999999999995,0.0345,0.003025,0.013725000000000003,0.009300000000000003,0.010074999999999999,0.007875,0.000975
460,0.38182499999999997,0.207625,0.152925,0.04845,0.029774999999999996,0.10215,0.034825,0.00020000000000000004,0.01285,0.020075,0.003974999999999999,0.005,0.00032500000000000004
463,0.19352500000000003,0.21420000000000003,0.073975,0.122525,0.0319,0.30435,0.008525,0.003,0.008300000000000002,0.001325,0.02695,0.010024999999999997,0.0014000000000000002
469,0.13117499999999999,0.17865,0.0322,0.07925,0.011875000000000004,0.536675,0.0017750000000000003,0.004775,0.004675,0.0029000000000000002,0.010300000000000002,0.004325000000000001,0.001425
475,0.06992499999999999,0.18039999999999998,0.037675,0.09617500000000001,0.0067,0.562,0.00135,0.0112,0.001075,0.001425,0.013574999999999999,0.005050000000000001,0.013449999999999997
479,0.42912500000000003,0.23535000000000003,0.18539999999999998,0.0636,0.038175,0.019025,0.01215,0.00017500000000000003,0.0047,0.0030499999999999998,0.0024000000000000002,0.0062,0.0006500000000000001
482,0.147975,0.11989999999999999,0.0665,0.5090250000000001,0.014074999999999997,0.1031,0.004824999999999999,0.0014500000000000001,0.0033750000000000004,0.002275,0.011474999999999999,0.008199999999999999,0.007825
483,0.15462499999999998,0.147375,0.096375,0.422175,0.014175,0.11690000000000002,0.005699999999999999,0.002025,0.003975,0.002675,0.01365,0.010625,0.009725000000000001
492,0.31355,0.312135,0.07907499999999999,0.142375,0.02569,0.09801,0.0038249999999999994,0.004019999999999999,0.0008099999999999998,0.0026950000000000003,0.0071150000000000015,0.005620000000000001,0.00508
495,0.4139500000000001,0.19924999999999998,0.09794999999999998,0.130075,0.0345,0.097825,0.0027750000000000006,0.0010500000000000002,0.001225,0.005625000000000001,0.0032499999999999994,0.0107,0.0018250000000000002
501,0.628725,0.23295000000000002,0.019074999999999998,0.031400000000000004,0.0033499999999999997,0.0013,0.0321,7.500000000000001e-05,0.040425,0.0056,0.00032500000000000004,0.004675,0.0
505,0.27092499999999997,0.32645,0.11925,0.17704999999999999,0.04045,0.02535,0.006549999999999999,0.00015000000000000001,0.018125000000000002,0.00215,0.004075,0.009075,0.0004
520,0.1001,0.29855000000000004,0.07515,0.17767499999999997,0.04772500000000001,0.19997499999999996,0.04005,0.00415,0.0042,0.001,0.036825,0.01345,0.0011500000000000002
521,0.07454999999999999,0.19405,0.050425000000000005,0.162775,0.0357,0.4006,0.019649999999999997,0.006050000000000001,0.0063750000000000005,0.0010500000000000002,0.034624999999999996,0.0133,0.0008500000000000002
534,0.14002499999999998,0.38077500000000003,0.032249999999999994,0.14459999999999998,0.046824999999999985,0.10052499999999999,0.051300000000000005,0.007274999999999999,0.013449999999999998,0.004275,0.048025000000000005,0.030250000000000003,0.000425
537,0.22462500000000002,0.39145,0.036500000000000005,0.19002499999999997,0.055275000000000005,0.029599999999999998,0.029625000000000005,0.0005750000000000001,0.023125,0.0026999999999999997,0.006875,0.00955,7.500000000000001e-05
541,0.24414999999999995,0.170725,0.33714999999999995,0.08440000000000002,0.035075,0.1089,0.005425000000000001,0.00022500000000000002,0.0023,0.004825,0.0023250000000000002,0.004125,0.000375
546,0.4549250000000001,0.168725,0.11580000000000001,0.103075,0.07932499999999999,0.05172499999999999,0.008925000000000002,0.0001,0.005025,0.004775,0.00175,0.005025,0.0008250000000000001
547,0.128,0.2105,0.05705,0.19555,0.010074999999999999,0.291275,0.002225,0.013399999999999999,0.005675,0.00405,0.009524999999999999,0.071275,0.0014000000000000002
557,0.37355,0.152575,0.073575,0.21919999999999998,0.044075,0.07602499999999998,0.008850000000000002,0.0008500000000000001,0.013775,0.007724999999999999,0.010774999999999998,0.0185,0.000525
566,0.27105000000000007,0.32559999999999995,0.11767499999999997,0.162175,0.013549999999999998,0.08405,0.00215,0.001,0.0014,0.0015750000000000002,0.0029000000000000007,0.012350000000000002,0.0045249999999999995
572,0.33635,0.21332499999999993,0.0725,0.1014,0.056425,0.160875,0.0078,0.0029250000000000005,0.005475000000000001,0.007649999999999999,0.023524999999999997,0.0103,0.0014500000000000001
575,0.3315749999999999,0.21547499999999997,0.111825,0.18950000000000003,0.053250000000000006,0.069775,0.002625,0.0008250000000000001,0.00175,0.006599999999999999,0.003225,0.010525,0.0030499999999999998
584,0.49527499999999997,0.09065000000000001,0.084625,0.244975,0.036774999999999995,0.0308,0.004,0.00017500000000000003,0.002125,0.0014500000000000001,0.0037500000000000003,0.00495,0.00045
590,0.34099999999999997,0.20877500000000002,0.074725,0.0749,0.034675000000000004,0.21695,0.00475,0.0015000000000000002,0.0048,0.01335,0.01175,0.012075,0.00075
593,0.19117499999999998,0.196075,0.07650000000000001,0.12775,0.02135,0.332025,0.00705,0.0029999999999999996,0.007525000000000001,0.00465,0.018924999999999997,0.013125,0.00085
597,0.0966,0.21430000000000002,0.16652499999999998,0.055749999999999994,0.015275000000000002,0.413075,0.0026,0.0004000000000000001,0.0034249999999999997,0.020875,0.006900000000000001,0.0038749999999999995,0.0004
599,0.397325,0.14885,0.24430000000000002,0.091825,0.028900000000000002,0.076775,0.0022250000000000004,0.00022500000000000002,0.0012000000000000001,0.00485,0.0018000000000000002,0.0015,0.000225
603,0.4025,0.20815,0.1335,0.16140000000000002,0.03065,0.044825,0.005874999999999999,0.000225,0.001775,0.00285,0.0021750000000000003,0.005475,0.0006000000000000001
606,0.1053,0.19522499999999995,0.028225,0.094625,0.0092,0.504275,0.00475,0.017825,0.006200000000000001,0.001225,0.021224999999999997,0.009975,0.0019500000000000001
607,0.199875,0.281175,0.034975,0.09110000000000001,0.033275000000000006,0.322075,0.002325,0.003975,0.001775,0.0042250000000000005,0.010374999999999999,0.012050000000000002,0.0028000000000000004
616,0.39219999999999994,0.10295,0.31897499999999995,0.148125,0.00645,0.020475000000000007,0.0019749999999999998,2.5e-05,0.0010500000000000002,0.0044,0.000675,0.002125,0.0005750000000000001
617,0.1642,0.2078,0.12645,0.11630000000000001,0.021199999999999997,0.255525,0.007899999999999999,0.010150000000000001,0.011399999999999999,0.016575,0.0286,0.03185,0.0020499999999999997
618,0.172725,0.208575,0.20002499999999998,0.11322499999999999,0.042249999999999996,0.1901,0.004299999999999999,0.0022,0.015574999999999999,0.013850000000000003,0.02205,0.014375,0.00075
620,0.261625,0.22299999999999998,0.03885000000000001,0.12212500000000003,0.00905,0.29490000000000005,0.0024999999999999996,0.007074999999999999,0.007,0.004974999999999999,0.013375000000000001,0.0126,0.0029249999999999996
622,0.151875,0.2356,0.021925,0.23535000000000006,0.02095,0.20325,0.01675,0.036974999999999994,0.0077,0.0006749999999999999,0.038525,0.027350000000000003,0.003075
626,0.171775,0.15799999999999997,0.030924999999999998,0.165925,0.033425,0.37829999999999997,0.005525,0.010750000000000001,0.002,0.005200000000000001,0.021125,0.008025000000000001,0.009025
628,0.30560000000000004,0.132,0.2959,0.17084999999999997,0.037775,0.04195000000000001,0.00325,0.000125,0.00375,0.00315,0.001325,0.003425,0.0009000000000000001
635,0.093575,0.185675,0.031775000000000005,0.12770000000000004,0.020825,0.454175,0.00585,0.031100000000000003,0.010575000000000001,0.00135,0.026649999999999997,0.0073750000000000005,0.0033750000000000004
636,0.087275,0.17397499999999996,0.027399999999999997,0.12732500000000002,0.01225,0.521225,0.0037750000000000006,0.019825,0.002425,0.0007,0.013649999999999999,0.006400000000000001,0.003775
639,0.1021,0.202775,0.033350000000000005,0.126475,0.0117,0.47030000000000005,0.004875,0.015875,0.003725,0.000825,0.016024999999999998,0.009300000000000001,0.002675
648,0.09665,0.2177,0.060675,0.11937499999999998,0.0055249999999999995,0.47474999999999995,0.00195,0.002225,0.004975,0.00545,0.0065,0.0036,0.000625
650,0.20645,0.126575,0.23222500000000001,0.254025,0.11295000000000001,0.039700000000000006,0.0055249999999999995,0.0002,0.008575000000000001,0.00285,0.0059749999999999985,0.0043,0.00065
651,0.21045,0.18864999999999998,0.17099999999999999,0.167075,0.07425,0.11817499999999999,0.006350000000000001,0.003125,0.014199999999999999,0.010549999999999999,0.01975,0.014849999999999999,0.0015750000000000002
652,0.097175,0.22125000000000003,0.095875,0.219125,0.029475,0.18455000000000002,0.015399999999999999,0.018525,0.018750000000000003,0.0015999999999999999,0.07079999999999999,0.026399999999999996,0.001075
658,0.10094999999999998,0.201525,0.054174999999999994,0.14482499999999998,0.02215,0.360525,0.010774999999999998,0.025825000000000004,0.00965,0.00165,0.051875,0.012400000000000003,0.003675
659,0.3016500000000001,0.27267500000000006,0.0765,0.07924999999999999,0.031925,0.20392500000000002,0.004675,0.002675,0.0023,0.0045249999999999995,0.009850000000000001,0.006925000000000001,0.0031249999999999997
660,0.266985,0.17660749999999997,0.260865,0.10268000000000002,0.024860000000000004,0.1453025,0.0032049999999999995,0.0005075,0.0019950000000000002,0.00551,0.0033075000000000005,0.006737499999999999,0.0014375
675,0.1497,0.26520000000000005,0.04819999999999999,0.11300000000000002,0.01705,0.35109999999999997,0.0017250000000000004,0.00585,0.007175000000000001,0.002725,0.011425,0.025975000000000005,0.0008750000000000001
678,0.12387500000000001,0.304875,0.12405,0.1059,0.046825000000000006,0.187475,0.013075,0.0036000000000000008,0.022775000000000004,0.0042250000000000005,0.041049999999999996,0.020675,0.0015999999999999999
687,0.1657,0.1705,0.1434,0.32125000000000004,0.0427,0.061799999999999994,0.015325000000000002,0.0045000000000000005,0.010575,0.0031249999999999997,0.022,0.037575000000000004,0.0015500000000000002
699,0.10795,0.24805,0.066625,0.10109999999999998,0.0212,0.36292500000000005,0.004075,0.008675,0.008950000000000001,0.002125,0.061225,0.006275,0.0008250000000000001
700,0.09837500000000002,0.26607500000000006,0.08635000000000001,0.09002500000000001,0.016,0.348225,0.005375,0.013125,0.010875,0.00135,0.056150000000000005,0.0073750000000000005,0.0006999999999999999
714,0.17485,0.17557499999999998,0.078875,0.1148,0.0169,0.38875000000000004,0.00425,0.002675,0.0059,0.005925000000000001,0.019450000000000002,0.01055,0.0015
715,0.3877,0.20270000000000005,0.11555000000000001,0.1812,0.029075,0.061075000000000004,0.004325,0.00022500000000000005,0.00155,0.0035249999999999995,0.002725,0.009500000000000001,0.0008500000000000001
716,0.19135,0.174925,0.1079,0.201275,0.038475,0.22194999999999998,0.00935,0.00175,0.0109,0.006575000000000001,0.02455,0.0098,0.0012
721,0.292325,0.21145,0.24714999999999998,0.10302499999999998,0.024325000000000003,0.110125,0.0023250000000000002,0.00025,0.0006000000000000001,0.0035249999999999995,0.0011,0.0026999999999999997,0.0010999999999999998
724,0.5660499999999999,0.09222499999999999,0.07217499999999999,0.23785,0.006225,0.013774999999999997,0.004150000000000001,0.0,0.0011250000000000001,0.0036500000000000005,0.0006,0.00175,0.00042500000000000003
729,0.25304999999999994,0.165375,0.1352,0.19510000000000002,0.057825,0.09542500000000001,0.01655,0.00535,0.012675,0.00215,0.0278,0.03275,0.00075
732,0.09005,0.188425,0.062275,0.189225,0.018074999999999997,0.38482500000000003,0.009049999999999999,0.00285,0.006775,0.002225,0.0355,0.009925,0.0008
734,0.260225,0.07327499999999999,0.0578,0.51925,0.013925000000000002,0.046224999999999995,0.005325,0.001425,0.0036000000000000008,0.001525,0.00915,0.007025,0.00125
737,0.24782500000000002,0.06372499999999999,0.063225,0.572475,0.01285,0.026099999999999998,0.0019,0.0004,0.0018750000000000001,0.001225,0.002775,0.004825,0.0008
738,0.133075,0.036025,0.034275,0.769675,0.00905,0.0112,0.001275,0.000275,0.000775,0.00055,0.0007,0.0025500000000000006,0.0005750000000000001
741,0.3005,0.39504999999999996,0.11550000000000002,0.08915000000000002,0.03335,0.05307500000000001,0.0030499999999999998,0.00030000000000000003,0.0012000000000000001,0.00295,0.002425,0.0028250000000000003,0.000625
742,0.1639698795180723,0.22659006024096387,0.04823313253012049,0.2752237951807229,0.015960843373493978,0.2294036144578313,0.002344879518072289,0.004046385542168675,0.007370481927710844,0.0026536144578313253,0.012269879518072289,0.008527108433734939,0.00340632530120482
743,0.1751,0.189775,0.08072499999999999,0.25554999999999994,0.02285,0.20924999999999996,0.013999999999999999,0.002975,0.011449999999999997,0.00145,0.026375,0.009575000000000002,0.000925
744,0.466775,0.15294999999999997,0.08677500000000002,0.265425,0.008475,0.0131,0.002625,5e-05,0.00055,0.0009250000000000001,0.00035000000000000005,0.0017500000000000003,0.00025
748,0.47395000000000004,0.09834999999999999,0.261375,0.08342499999999999,0.039475,0.011825,0.0066500000000000005,0.000125,0.008425,0.00515,0.002075,0.009049999999999999,0.000125
754,0.172475,0.269925,0.058975,0.10679999999999999,0.0292,0.168425,0.045125,0.027474999999999996,0.0217,0.005975,0.04070000000000001,0.052725,0.0005000000000000001
758,0.15575000000000003,0.158875,0.0409,0.10202499999999999,0.06284999999999999,0.4501750000000001,0.0033500000000000005,0.0031500000000000005,0.0007250000000000001,0.0016749999999999998,0.010825000000000003,0.005300000000000001,0.0044
759,0.05464999999999998,0.10132499999999998,0.012950000000000001,0.061900000000000004,0.01695,0.7341249999999999,0.001,0.004775000000000001,0.0011,0.0005500000000000001,0.006575000000000001,0.0021749999999999994,0.0019250000000000003
767,0.06915,0.09814999999999999,0.011550000000000001,0.07822499999999999,0.009449999999999998,0.692775,0.00215,0.01135,0.001425,0.0009249999999999999,0.018275,0.00325,0.003325
769,0.101253125,0.14504375000000003,0.008356249999999999,0.23231250000000003,0.014793750000000001,0.39215000000000005,0.009034375,0.04246562500000001,0.0018250000000000002,0.0008906249999999999,0.027628124999999996,0.007268750000000001,0.016978125
770,0.058845,0.11066357142857144,0.0029549999999999997,0.12266999999999997,0.005472142857142856,0.6378307142857143,0.00236,0.02953857142857143,0.0006107142857142856,0.0004228571428571429,0.013867857142857144,0.0010807142857142858,0.013682857142857142
776,0.12562500000000001,0.17652500000000002,0.055725000000000004,0.093175,0.026125,0.4498750000000001,0.014425,0.005800000000000001,0.004850000000000001,0.008749999999999999,0.022325,0.015475,0.001325
783,0.15460000000000002,0.517325,0.038075,0.12865,0.039025,0.04544999999999999,0.030625000000000003,0.000925,0.019,0.00285,0.010100000000000001,0.013225,0.00015000000000000001
784,0.103475,0.526175,0.02585,0.207425,0.038375000000000006,0.03015,0.024475000000000007,0.0013999999999999996,0.011899999999999999,0.001975,0.0135,0.015150000000000002,0.00015000000000000001
786,0.14925,0.306025,0.055625,0.0765,0.0347,0.250525,0.027975000000000003,0.01025,0.026425,0.011975,0.0286,0.021875,0.000275
787,0.25135,0.26862499999999995,0.05340000000000001,0.05534999999999999,0.028950000000000004,0.2229,0.027275000000000008,0.0031,0.029475000000000008,0.010174999999999998,0.011575,0.03767499999999999,0.00015000000000000001
806,0.5213749999999999,0.3004,0.061425,0.0419,0.015475000000000001,0.0121,0.018999999999999996,2.5e-05,0.0158,0.004675,0.0022500000000000003,0.005425000000000002,0.00015000000000000001
812,0.30592500000000006,0.17270000000000002,0.08275,0.09999999999999999,0.0173,0.2855,0.00845,0.0007,0.0014750000000000002,0.0031999999999999997,0.006700000000000001,0.013449999999999998,0.00185
813,0.43454999999999994,0.265575,0.17554999999999998,0.06482500000000001,0.024675000000000002,0.013725000000000001,0.009075,5e-05,0.003725,0.00245,0.0018499999999999999,0.0036249999999999998,0.000325
814,0.175075,0.31110000000000004,0.09225,0.09902500000000002,0.054875,0.13167500000000001,0.018150000000000003,0.011775,0.019825,0.0071,0.03965,0.037700000000000004,0.0018000000000000002
816,0.11427499999999999,0.20815,0.042949999999999995,0.19527500000000003,0.025375,0.284725,0.011474999999999999,0.020375,0.017175,0.0017250000000000002,0.05002499999999999,0.024725,0.00375
819,0.404175,0.2718,0.106825,0.0936,0.04687499999999999,0.051024999999999994,0.008825000000000001,0.00037500000000000006,0.001875,0.0024000000000000002,0.0019250000000000003,0.009075000000000001,0.001225
823,0.171475,0.13397499999999998,0.17195000000000002,0.39972500000000005,0.021025000000000002,0.08277500000000002,0.0021,0.00055,0.0018750000000000001,0.00355,0.0034750000000000002,0.006325000000000001,0.0012000000000000001
829,0.18135,0.35025000000000006,0.15285,0.144625,0.0088,0.139525,0.0012749999999999999,0.003875,0.00015000000000000001,0.0007250000000000001,0.0058,0.002025,0.00875
832,0.120375,0.266475,0.10075,0.1705,0.0066749999999999995,0.321025,0.0014999999999999998,0.0012750000000000003,0.00022500000000000002,0.000825,0.003975,0.0028499999999999997,0.00355
836,0.17170000000000002,0.22865000000000002,0.128775,0.2112,0.11257500000000001,0.09244999999999999,0.015449999999999998,0.000325,0.014225000000000002,0.006225,0.008575,0.0086,0.0012500000000000002
841,0.281275,0.20275,0.2525,0.1269,0.021575,0.09959999999999998,0.0026750000000000003,0.00022500000000000002,0.0010750000000000002,0.0058,0.00185,0.0027249999999999996,0.0010500000000000002
842,0.06749999999999999,0.21835,0.19645,0.10729999999999999,0.005874999999999999,0.3681,0.002025,0.0034500000000000004,0.0072,0.005975000000000001,0.01035,0.006174999999999999,0.00125
845,0.075525,0.23920000000000002,0.14775,0.08952500000000001,0.014174999999999998,0.38154999999999994,0.0018000000000000002,0.005999999999999999,0.010400000000000001,0.00805,0.01435,0.010825,0.0008500000000000001
847,0.1944,0.283925,0.04937499999999999,0.132525,0.028075,0.21337500000000004,0.011300000000000001,0.012649999999999998,0.01325,0.0020250000000000003,0.0336,0.024824999999999996,0.0006749999999999999
848,0.13822500000000004,0.17709999999999995,0.19787500000000002,0.18030000000000004,0.029450000000000004,0.199875,0.00605,0.0026999999999999997,0.011425,0.0086,0.023925,0.0229,0.001575
849,0.44580000000000003,0.22694999999999996,0.15009999999999998,0.059074999999999996,0.02705,0.03925000000000001,0.021425000000000003,0.00035000000000000005,0.002325,0.015850000000000003,0.006149999999999999,0.003875,0.0018000000000000002
850,0.268375,0.1295,0.38787499999999997,0.1131,0.017924999999999996,0.07375,0.0017999999999999997,0.000125,0.0005250000000000001,0.0021249999999999997,0.00105,0.0032500000000000003,0.0006000000000000001
857,0.516875,0.09449999999999999,0.24630000000000002,0.11204999999999998,0.013850000000000003,0.00885,0.0017499999999999998,0.0,0.000775,0.002725,0.0006000000000000001,0.0016,0.000125
866,0.4161250000000001,0.204875,0.138275,0.054325,0.091975,0.0438,0.017575,0.000275,0.004375,0.013025,0.010124999999999999,0.0046500000000000005,0.0006
873,0.288325,0.24490000000000003,0.06755,0.0784,0.022875000000000003,0.2595,0.005925,0.00215,0.001575,0.00665,0.009725,0.0096,0.0028250000000000003
881,0.337775,0.1422,0.260575,0.17575000000000002,0.01675,0.05842499999999999,0.002025,0.00022500000000000002,0.0007750000000000001,0.0025499999999999997,0.00037500000000000006,0.0014500000000000003,0.001125
882,0.25226911764705884,0.18315882352941174,0.24865147058823525,0.10210735294117645,0.05731617647058823,0.1366441176470588,0.004616176470588236,0.0004661764705882354,0.0014205882352941177,0.0055485294117647065,0.002313235294117647,0.004551470588235294,0.0009367647058823531
883,0.25854999999999995,0.187475,0.2087,0.09425,0.07857499999999999,0.15175,0.004825,0.0006000000000000001,0.0021,0.004525,0.0035,0.004274999999999999,0.000875
884,0.13295,0.21914999999999998,0.21430000000000005,0.21487499999999998,0.020850000000000004,0.11105000000000001,0.016425000000000002,0.004225,0.008650000000000001,0.003725,0.023974999999999996,0.02845,0.0013750000000000001
885,0.28407499999999997,0.198225,0.1917,0.162525,0.050925000000000005,0.07105,0.004175,0.0006000000000000001,0.00515,0.014450000000000003,0.0049250000000000006,0.010125000000000002,0.002075
886,0.20940000000000003,0.192275,0.225,0.17792499999999997,0.04362499999999999,0.08982499999999997,0.008275,0.0009750000000000002,0.009175,0.015925,0.011,0.014625,0.001975
888,0.118075,0.246575,0.103325,0.17765,0.016275,0.2871,0.004,0.005125,0.00885,0.0055,0.01255,0.011675000000000003,0.0033000000000000004
