field_id,Wheat,Mustard,Lentil,No Crop,Green pea,Sugarcane,Garlic,Maize,Gram,Coriander,Potato,Bersem,Rice
11,0.20075,0.22,0.08875000000000001,0.12090000000000001,0.03095,0.2751,0.00205,0.016050000000000002,0.0009000000000000001,0.0022500000000000003,0.020249999999999997,0.0042499999999999994,0.0178
13,0.40875000000000006,0.1764,0.15475,0.12969999999999998,0.0304,0.0596,0.0103,0.0006000000000000001,0.005299999999999999,0.0044,0.00355,0.0135,0.00275
19,0.29295,0.19469999999999996,0.15624999999999997,0.07745,0.042350000000000006,0.20439999999999997,0.0032999999999999995,0.0021000000000000003,0.001,0.0102,0.00705,0.00695,0.0013000000000000002
21,0.11699999999999999,0.1826,0.14025,0.19999999999999998,0.03625,0.23135000000000003,0.0177,0.007050000000000002,0.008749999999999999,0.0019,0.03495,0.016749999999999998,0.00545
25,0.21844999999999998,0.06735000000000001,0.09960000000000001,0.5679000000000001,0.012499999999999999,0.019200000000000005,0.0020499999999999997,0.0010000000000000002,0.0017000000000000001,0.0006000000000000002,0.0012000000000000001,0.006799999999999999,0.00165
26,0.1814,0.15155,0.40554999999999997,0.10845,0.0438,0.0684,0.00345,0.0019500000000000001,0.006050000000000001,0.00345,0.0086,0.0164,0.0009500000000000001
29,0.18409999999999996,0.22515000000000002,0.16205,0.13845000000000002,0.021049999999999996,0.20155,0.00775,0.0064,0.01065,0.00395,0.0184,0.018949999999999998,0.00155
39,0.08759999999999998,0.21025,0.07565,0.06230000000000001,0.013250000000000001,0.45709999999999995,0.0046,0.0031000000000000003,0.00835,0.010250000000000002,0.05574999999999999,0.010850000000000002,0.0009500000000000001
44,0.16615000000000002,0.22380000000000003,0.03585,0.15760000000000002,0.018749999999999996,0.26294999999999996,0.00965,0.05645000000000001,0.0056500000000000005,0.0034000000000000007,0.0384,0.01635,0.005
48,0.09525,0.247,0.12915,0.15715,0.0405,0.20789999999999997,0.01315,0.00785,0.0121,0.0022,0.04945000000000001,0.03705,0.00125
52,0.29,0.21235,0.0796,0.22584999999999997,0.03135,0.05659999999999999,0.048600000000000004,0.00075,0.021900000000000003,0.017750000000000002,0.005050000000000001,0.00955,0.0006500000000000002
63,0.17355,0.22765000000000002,0.08589999999999999,0.11630000000000001,0.025750000000000006,0.33035000000000003,0.0042,0.005350000000000001,0.006150000000000001,0.005,0.013449999999999998,0.00505,0.0013000000000000002
64,0.1451,0.1965,0.0618,0.07894999999999999,0.01855,0.45055,0.0029500000000000004,0.00865,0.00395,0.011600000000000001,0.014799999999999999,0.0059,0.0007000000000000001
65,0.25234999999999996,0.17975,0.1304,0.1193,0.04795,0.13425,0.019,0.02295,0.0043,0.010650000000000001,0.03675,0.012300000000000002,0.03005
67,0.4213,0.11385000000000002,0.15675,0.2696,0.0127,0.013850000000000003,0.0031000000000000003,5e-05,0.0037,0.0024999999999999996,0.0008500000000000002,0.0013,0.0004500000000000001
68,0.3746,0.16224999999999998,0.15605000000000002,0.18315,0.021449999999999997,0.05555,0.006749999999999999,0.00055,0.0066,0.0114,0.006449999999999999,0.013999999999999999,0.0012000000000000001
69,0.40629999999999994,0.10015,0.1324,0.33675000000000005,0.0037,0.010299999999999998,0.00365,5e-05,0.0019500000000000001,0.00305,0.00045000000000000004,0.001,0.00025
79,0.17655,0.1694,0.029750000000000002,0.18175,0.01005,0.3487,0.0044,0.022400000000000003,0.00335,0.0024000000000000002,0.024749999999999998,0.006200000000000001,0.0203
90,0.12415,0.2255,0.0789,0.08679999999999999,0.039099999999999996,0.3725,0.0034000000000000002,0.01685,0.00835,0.00765,0.019200000000000002,0.01585,0.0017500000000000005
92,0.1241,0.25295,0.08420000000000001,0.11574999999999999,0.03445,0.30929999999999996,0.0083,0.0058000000000000005,0.0107,0.0038000000000000004,0.026699999999999995,0.0223,0.0016500000000000004
94,0.12195,0.2315,0.05395,0.12244999999999999,0.05625,0.19485000000000002,0.0519,0.0124,0.02805,0.015700000000000002,0.08485,0.024200000000000003,0.00195
95,0.20199999999999999,0.3729,0.0651,0.12195,0.07535,0.0587,0.039749999999999994,0.0013000000000000004,0.031149999999999997,0.0076,0.0109,0.01305,0.00025
99,0.1261,0.23214999999999997,0.0494,0.0866,0.019149999999999997,0.42279999999999995,0.00155,0.02005,0.004999999999999999,0.004399999999999999,0.0157,0.01615,0.00095
105,0.096,0.0254,0.02045,0.8394499999999998,0.00645,0.00575,0.00125,0.0004,0.00105,0.00030000000000000003,0.0008000000000000003,0.0021,0.0006000000000000001
109,0.36365,0.2192,0.08059999999999999,0.1316,0.044750000000000005,0.12154999999999998,0.0107,0.003400000000000001,0.002,0.0021,0.010450000000000001,0.0033999999999999994,0.006599999999999999
119,0.13365000000000002,0.22025000000000003,0.14939999999999998,0.09554999999999998,0.01935,0.31555,0.00745,0.0028499999999999997,0.006650000000000001,0.01125,0.02710000000000001,0.010350000000000002,0.0006000000000000001
129,0.15174999999999997,0.2897,0.05359999999999999,0.0525,0.0369,0.3295,0.019799999999999998,0.0027500000000000003,0.020399999999999998,0.01005,0.013900000000000003,0.018949999999999998,0.0002
146,0.129751724137931,0.15527068965517243,0.02340862068965517,0.29538103448275854,0.010001724137931035,0.232498275862069,0.0028465517241379316,0.04285172413793104,0.0032534482758620692,0.004194827586206897,0.04996206896551723,0.004251724137931034,0.04632758620689654
148,0.14745,0.16395,0.0323,0.39255,0.01675,0.0884,0.00145,0.050899999999999994,0.0013000000000000002,0.003249999999999999,0.04515,0.0026500000000000004,0.053899999999999997
151,0.25739999999999996,0.19785000000000003,0.13845,0.1354,0.16625,0.06935000000000001,0.01,0.0007000000000000001,0.007950000000000002,0.0024500000000000004,0.0048,0.0085,0.0009000000000000002
160,0.08735,0.14629999999999999,0.052199999999999996,0.13955,0.02,0.4951999999999999,0.005350000000000001,0.0016000000000000003,0.01185,0.006449999999999999,0.024100000000000003,0.00915,0.0009000000000000002
162,0.2695,0.18415000000000004,0.36015,0.0341,0.019549999999999998,0.027049999999999998,0.04000000000000001,0.00035,0.04725,0.010600000000000002,0.004399999999999999,0.0028,0.0001
166,0.14445,0.21840000000000004,0.15755,0.1441,0.0227,0.236,0.004,0.0083,0.0123,0.0022,0.0251,0.0212,0.0037000000000000006
168,0.22779999999999997,0.12935,0.277,0.092,0.05375,0.18760000000000002,0.0064,0.0007000000000000002,0.004,0.003,0.00565,0.0119,0.0008500000000000001
169,0.264,0.2069,0.16219999999999998,0.0811,0.0243,0.17934999999999998,0.0057,0.0012000000000000001,0.0041,0.0383,0.0174,0.01445,0.001
180,0.5896999999999999,0.10800000000000001,0.09475,0.17015,0.00905,0.013000000000000001,0.0047,0.00015000000000000001,0.0044,0.0034500000000000004,0.0008500000000000002,0.00165,0.00015000000000000001
182,0.6699499999999999,0.094,0.0729,0.1286,0.01515,0.00835,0.004549999999999999,0.0,0.00285,0.0010500000000000002,0.0009000000000000002,0.0015499999999999997,0.00015000000000000001
183,0.15535,0.29035,0.047700000000000006,0.2031,0.025799999999999997,0.2017,0.0102,0.00465,0.0067,0.004,0.03045,0.0145,0.0055
187,0.3157499999999999,0.22610000000000002,0.12450000000000003,0.12425,0.07590000000000001,0.10705,0.0072,0.00065,0.0038499999999999997,0.0033499999999999997,0.005499999999999999,0.0042,0.0017000000000000001
189,0.11385,0.18214999999999998,0.05185,0.12785000000000002,0.014600000000000002,0.44184999999999997,0.0051,0.00575,0.018250000000000006,0.00335,0.026499999999999996,0.007749999999999999,0.0011500000000000002
191,0.12935,0.23420000000000002,0.08804999999999999,0.11110000000000002,0.0126,0.3693,0.006050000000000001,0.0043,0.00565,0.007899999999999999,0.01375,0.0162,0.00155
196,0.15360000000000001,0.1513,0.029500000000000002,0.34714999999999996,0.02015,0.1565,0.0024500000000000004,0.0437,0.001,0.0045000000000000005,0.0477,0.00265,0.03980000000000001
208,0.1532,0.22325000000000003,0.053299999999999986,0.192325,0.02375,0.255425,0.006450000000000001,0.014325000000000001,0.016975,0.002075,0.034125,0.021349999999999997,0.00345
209,0.1228,0.23539999999999994,0.04989999999999999,0.18585000000000002,0.0367,0.27035,0.003200000000000001,0.013399999999999997,0.025550000000000003,0.00275,0.023249999999999996,0.0291,0.00175
212,0.40840000000000004,0.1756,0.18774999999999997,0.12985,0.021400000000000002,0.0613,0.0032500000000000003,0.00055,0.00135,0.0013,0.0015,0.006850000000000001,0.0009000000000000002
213,0.21985000000000002,0.21705,0.10035,0.17585,0.01735,0.22734999999999997,0.0043500000000000014,0.00415,0.0025999999999999994,0.003,0.01095,0.00875,0.008400000000000001
217,0.44765,0.22255,0.0698,0.0963,0.02805,0.10750000000000001,0.00495,0.003,0.00205,0.0043,0.00575,0.00515,0.0029500000000000004
219,0.2202,0.10815000000000001,0.06855,0.40705,0.07615,0.049300000000000004,0.0192,0.003500000000000001,0.01385,0.007850000000000001,0.0182,0.0066500000000000005,0.00135
220,0.24430000000000002,0.0861,0.04385,0.48074999999999996,0.0308,0.04975,0.01495,0.0051,0.008700000000000001,0.0038,0.015249999999999998,0.014499999999999999,0.00215
221,0.3143,0.11920000000000001,0.0703,0.30265,0.05434999999999999,0.0673,0.0173,0.0048000000000000004,0.010849999999999999,0.008749999999999997,0.017499999999999995,0.0114,0.0013000000000000002
222,0.40064999999999995,0.1121,0.0777,0.18085,0.07934999999999999,0.0729,0.013900000000000001,0.0052,0.014050000000000002,0.007049999999999999,0.02015,0.014450000000000003,0.00165
226,0.13595000000000002,0.1816,0.08885,0.1203,0.011949999999999999,0.43505,0.00265,0.0018999999999999996,0.0031000000000000003,0.007549999999999999,0.005200000000000001,0.005,0.0009
236,0.29157,0.21214,0.20653500000000005,0.084165,0.05376499999999999,0.07174500000000002,0.03997,0.0007700000000000001,0.015625,0.0058649999999999996,0.007705000000000001,0.009069999999999998,0.0010750000000000002
238,0.1473,0.21825000000000003,0.05099999999999999,0.1654,0.020749999999999998,0.25765,0.00375,0.05264999999999999,0.0038,0.0039499999999999995,0.04245,0.0152,0.01785
239,0.1265,0.2538,0.0342,0.28345,0.0191,0.19369999999999998,0.010349999999999998,0.015399999999999997,0.004000000000000001,0.00165,0.033699999999999994,0.014699999999999998,0.00945
250,0.42385000000000006,0.20274999999999999,0.11099999999999999,0.0595,0.03445,0.05075,0.0639,0.00055,0.024800000000000003,0.017050000000000003,0.00665,0.0045000000000000005,0.00025
251,0.55675,0.14985000000000004,0.1307,0.0569,0.0462,0.0203,0.012450000000000001,0.00025,0.01275,0.007049999999999999,0.0026999999999999997,0.004,0.0001
252,0.31135000000000007,0.20040000000000002,0.102,0.10610000000000001,0.0832,0.07475,0.04735,0.00225,0.03335,0.006250000000000001,0.01645,0.01615,0.0004
260,0.29705,0.19360000000000002,0.11245000000000001,0.07515000000000001,0.10319999999999999,0.03745,0.0183,0.0013,0.026249999999999996,0.007050000000000001,0.116,0.0115,0.0007000000000000001
262,0.26030000000000003,0.22544999999999998,0.14535,0.18935,0.034550000000000004,0.11345,0.0067,0.0006000000000000001,0.004850000000000001,0.00635,0.0045000000000000005,0.00735,0.0012000000000000003
267,0.1806,0.21049999999999996,0.056150000000000005,0.0769,0.0271,0.4104999999999999,0.00145,0.0049,0.0037499999999999994,0.008300000000000002,0.0091,0.0088,0.0019500000000000001
272,0.10580000000000002,0.16490000000000002,0.0316,0.28700000000000003,0.011200000000000002,0.35380000000000006,0.0028,0.0123,0.0048000000000000004,0.0006000000000000001,0.01305,0.005900000000000001,0.00625
273,0.26995,0.20115000000000002,0.17030000000000003,0.15789999999999998,0.057600000000000005,0.11855,0.00525,0.00025,0.0058,0.004749999999999999,0.00235,0.0052,0.00095
274,0.2729,0.13435,0.17625000000000002,0.16499999999999998,0.1257,0.0456,0.0066500000000000005,0.00045000000000000004,0.0615,0.0029,0.00235,0.005850000000000001,0.0005000000000000001
277,0.22934999999999997,0.2667,0.09444999999999999,0.11505000000000001,0.011550000000000001,0.24935000000000002,0.00315,0.00365,0.0036000000000000008,0.0019500000000000001,0.009899999999999999,0.005899999999999999,0.0054
280,0.11000000000000001,0.1707,0.06074999999999999,0.10575,0.00965,0.5064500000000001,0.0036,0.0034999999999999996,0.01035,0.0029000000000000002,0.0116,0.0035000000000000005,0.00125
282,0.17039999999999997,0.18535,0.0608,0.16265,0.04125,0.2589,0.014350000000000002,0.00515,0.016749999999999998,0.0022500000000000003,0.0689,0.010950000000000001,0.0023000000000000004
283,0.40085,0.3219,0.08224999999999999,0.05805,0.018250000000000002,0.01975,0.04579999999999999,0.0004,0.037750000000000006,0.006750000000000002,0.0022,0.005750000000000001,0.00030000000000000003
285,0.43479999999999996,0.3151,0.06949999999999999,0.04655000000000001,0.014850000000000002,0.022350000000000002,0.04845,0.0004000000000000001,0.03245000000000001,0.00895,0.0023,0.00395,0.00035000000000000005
286,0.27444999999999997,0.21810000000000002,0.08405,0.08995000000000002,0.04700000000000001,0.22030000000000005,0.0027,0.004799999999999999,0.005600000000000001,0.008700000000000001,0.01655,0.024149999999999998,0.003650000000000001
287,0.13185,0.21775,0.06624999999999999,0.09995,0.0141,0.4029,0.0019000000000000002,0.022450000000000005,0.007449999999999999,0.0033,0.009999999999999998,0.020649999999999998,0.0014500000000000003
289,0.16,0.28305,0.08465,0.08139999999999999,0.03585,0.26315000000000005,0.016100000000000003,0.006500000000000001,0.013750000000000002,0.0053,0.024249999999999997,0.025650000000000003,0.00035000000000000005
291,0.29095,0.19065,0.11685000000000001,0.15875,0.09609999999999998,0.095,0.016300000000000002,0.00055,0.010450000000000001,0.0045,0.004900000000000001,0.01435,0.00065
296,0.16185000000000002,0.19129999999999994,0.23384999999999997,0.1264,0.048150000000000005,0.14755,0.006149999999999999,0.00295,0.0253,0.00335,0.021849999999999998,0.03015,0.0011500000000000002
306,0.2095,0.07495,0.08175,0.5899,0.0174,0.01085,0.00355,0.0005,0.004450000000000001,0.00105,0.0012,0.004,0.0009000000000000001
311,0.22725000000000004,0.16285,0.039599999999999996,0.14930000000000002,0.0189,0.3660999999999999,0.00305,0.00545,0.0008,0.006350000000000001,0.0109,0.00395,0.005499999999999999
321,0.17489999999999997,0.1771,0.10210000000000002,0.10060000000000001,0.0474,0.2956,0.004,0.019250000000000003,0.00705,0.0131,0.013699999999999999,0.040850000000000004,0.00435
332,0.1411,0.23764999999999997,0.07135,0.16015,0.0651,0.1789,0.021900000000000003,0.005050000000000001,0.02435,0.0052499999999999995,0.06024999999999999,0.028099999999999997,0.00085
335,0.12765,0.25165000000000004,0.05830000000000001,0.21735,0.01565,0.28154999999999997,0.00545,0.005800000000000001,0.00915,0.00355,0.013850000000000001,0.007349999999999999,0.0026999999999999997
340,0.22205,0.2751,0.08315000000000002,0.0941,0.0365,0.25695,0.0018000000000000002,0.0033,0.00315,0.00485,0.008,0.00955,0.0015000000000000002
341,0.16995000000000002,0.2794,0.13340000000000002,0.0857,0.047900000000000005,0.22135,0.0089,0.0036500000000000005,0.0043,0.009550000000000003,0.023950000000000003,0.01065,0.0013
345,0.7204999999999999,0.05015,0.08504999999999999,0.10805000000000001,0.010150000000000001,0.017450000000000004,0.0017000000000000001,0.00015000000000000001,0.0017499999999999998,0.0009500000000000003,0.001,0.0026500000000000004,0.00045000000000000004
355,0.11334999999999998,0.15724999999999997,0.09235,0.16065000000000002,0.027100000000000003,0.40655,0.0026999999999999997,0.0040999999999999995,0.005599999999999999,0.00605,0.0161,0.0063999999999999994,0.0018000000000000002
360,0.1189,0.21184999999999998,0.0349,0.18465,0.023950000000000003,0.313,0.009600000000000001,0.011500000000000002,0.014150000000000001,0.0047,0.0501,0.0175,0.005200000000000001
377,0.2945479452054795,0.2052205479452055,0.1770650684931507,0.07606849315068495,0.02886609589041096,0.15860342465753424,0.014520547945205476,0.0005554794520547945,0.002396232876712329,0.028837671232876713,0.005734931506849315,0.006924315068493151,0.0006592465753424659
381,0.30465000000000003,0.23120000000000004,0.14175000000000001,0.08155,0.053149999999999996,0.1295,0.00975,0.0027,0.0063,0.0070999999999999995,0.02295,0.007500000000000001,0.0019000000000000002
387,0.0947,0.16075,0.07165,0.37220000000000003,0.0521,0.0943,0.026949999999999998,0.013,0.0146,0.0015500000000000004,0.044000000000000004,0.051449999999999996,0.0027500000000000003
389,0.11904999999999998,0.1853,0.1007,0.27914999999999995,0.05145,0.12345000000000002,0.019249999999999996,0.011500000000000003,0.02215,0.00175,0.03805,0.04600000000000001,0.0022
391,0.23850000000000002,0.29319999999999996,0.08864999999999999,0.17665000000000003,0.01675,0.12685,0.0037,0.009000000000000001,0.00225,0.0036500000000000005,0.0231,0.00615,0.011550000000000001
395,0.1338,0.16845000000000002,0.12249999999999998,0.06335,0.04865,0.39085,0.0042,0.011,0.006700000000000001,0.00695,0.0254,0.016550000000000002,0.0015999999999999999
401,0.33105000000000007,0.25515,0.1333,0.1109,0.05029999999999999,0.09665,0.0033500000000000005,0.0010500000000000002,0.0014500000000000001,0.005050000000000001,0.0049,0.00485,0.002
402,0.177,0.2015,0.08170000000000001,0.1143,0.0195,0.37460000000000004,0.0017000000000000006,0.0033999999999999994,0.00215,0.010500000000000002,0.0033499999999999997,0.00795,0.00235
404,0.66735,0.047949999999999986,0.05745000000000001,0.2028,0.008100000000000001,0.0068000000000000005,0.00235,0.0002,0.0017000000000000001,0.0009500000000000001,0.0007000000000000001,0.0033499999999999997,0.00030000000000000003
405,0.5316000000000001,0.12224999999999998,0.0924,0.1487,0.021650000000000003,0.04179999999999998,0.010150000000000001,0.0007,0.008,0.006200000000000001,0.0036000000000000003,0.012450000000000001,0.0005000000000000001
408,0.6596000000000001,0.0419,0.03735,0.24884999999999996,0.0027500000000000003,0.0038000000000000004,0.0017000000000000001,0.00015000000000000001,0.0017000000000000001,0.0005,0.00030000000000000003,0.0012000000000000001,0.0002
414,0.37294999999999995,0.1946,0.13155,0.07675,0.06395,0.10445000000000002,0.00815,0.0023000000000000004,0.00595,0.01145,0.013850000000000003,0.01165,0.0024000000000000002
424,0.1283,0.20554999999999998,0.09665000000000001,0.1705,0.0665,0.18889999999999998,0.04259999999999999,0.00265,0.01985,0.0027500000000000003,0.040799999999999996,0.034,0.0009500000000000001
428,0.11839999999999998,0.21850000000000003,0.05595,0.18614999999999998,0.0207,0.30845,0.010450000000000001,0.012399999999999998,0.006399999999999999,0.00205,0.0391,0.013150000000000002,0.0083
431,0.19269999999999993,0.16504999999999997,0.042649999999999993,0.10319999999999999,0.025449999999999997,0.40390000000000004,0.00365,0.01005,0.0058,0.01175,0.0202,0.006699999999999999,0.008900000000000002
433,0.13105,0.10439999999999999,0.0119,0.07300000000000001,0.014150000000000003,0.61725,0.0016000000000000003,0.0104,0.00215,0.00835,0.013900000000000001,0.0041,0.00775
434,0.177,0.11015,0.0125,0.0786,0.028700000000000003,0.51345,0.00215,0.0293,0.0010500000000000002,0.005049999999999999,0.027800000000000002,0.004600000000000001,0.009649999999999999
436,0.1482,0.1259,0.02175,0.12225,0.013649999999999999,0.51205,0.0024000000000000002,0.00885,0.0022500000000000003,0.005200000000000001,0.0179,0.00505,0.014549999999999999
448,0.09674999999999999,0.21195000000000003,0.06965,0.41139999999999993,0.0251,0.039400000000000004,0.0030499999999999998,0.050100000000000006,0.0009500000000000001,0.002,0.04425,0.00185,0.04355
457,0.22265000000000004,0.16674999999999998,0.0707,0.0629,0.0203,0.32630000000000003,0.0657,0.003999999999999999,0.029,0.010200000000000002,0.01075,0.009499999999999998,0.0012500000000000002
460,0.35619999999999996,0.22905,0.1438,0.0496,0.02815,0.0918,0.046950000000000006,0.00030000000000000003,0.02245,0.019949999999999996,0.00435,0.0071,0.00030000000000000003
463,0.159,0.21470000000000003,0.08975,0.11405000000000001,0.0536,0.29785,0.007549999999999999,0.0036500000000000005,0.0184,0.0018499999999999999,0.02765,0.00995,0.002
469,0.10795,0.17365000000000003,0.0344,0.0764,0.012000000000000002,0.56395,0.0015500000000000002,0.0054,0.00715,0.0038,0.0081,0.0041,0.0015500000000000002
475,0.07835,0.15985,0.046849999999999996,0.11284999999999999,0.008700000000000001,0.5127,0.0021999999999999997,0.019099999999999995,0.0019000000000000004,0.0021000000000000003,0.0213,0.006450000000000001,0.027649999999999997
479,0.37860000000000005,0.2207,0.22455,0.0704,0.03605,0.032850000000000004,0.013049999999999999,0.00045000000000000004,0.0068000000000000005,0.0021999999999999997,0.0036499999999999996,0.01035,0.00035000000000000005
482,0.15205000000000002,0.13235,0.07195,0.45369999999999994,0.01855,0.11774999999999997,0.007450000000000002,0.0025000000000000005,0.005050000000000001,0.0033000000000000004,0.01635,0.011049999999999999,0.00795
483,0.15905,0.16529999999999997,0.10364999999999999,0.34275,0.024349999999999997,0.1422,0.009200000000000002,0.0036500000000000005,0.005250000000000001,0.0039,0.0188,0.01255,0.00935
492,0.28913999999999995,0.25331000000000004,0.09701,0.14293,0.04624,0.11863999999999997,0.0056300000000000005,0.006529999999999999,0.0037800000000000004,0.005350000000000001,0.015489999999999997,0.00937,0.006579999999999999
495,0.38475,0.21725,0.10869999999999999,0.11035000000000002,0.045149999999999996,0.09874999999999998,0.00495,0.0015000000000000002,0.0023,0.007650000000000001,0.005350000000000001,0.0114,0.0019000000000000002
501,0.59815,0.23159999999999997,0.03490000000000001,0.044849999999999994,0.005049999999999999,0.003,0.033100000000000004,0.0001,0.0407,0.0055,0.0007,0.0023000000000000004,5e-05
505,0.25645,0.30835,0.14384999999999998,0.18749999999999997,0.028350000000000004,0.038,0.006500000000000001,0.0006500000000000001,0.01315,0.00395,0.00495,0.00785,0.00045
520,0.11454999999999999,0.22425000000000003,0.1016,0.20565,0.06015000000000001,0.17134999999999997,0.047000000000000014,0.004,0.007500000000000001,0.002,0.0374,0.022,0.00255
521,0.08635,0.1746,0.077,0.17835000000000004,0.03484999999999999,0.3436,0.021750000000000002,0.006200000000000001,0.01135,0.0021,0.039749999999999994,0.021050000000000006,0.0030499999999999998
534,0.1315,0.3685500000000001,0.03565,0.17804999999999996,0.049550000000000004,0.08505000000000001,0.05365,0.006099999999999999,0.0167,0.0040999999999999995,0.04665,0.0236,0.0008500000000000002
537,0.20525,0.34310000000000007,0.05155,0.21409999999999998,0.07325000000000001,0.034899999999999994,0.0335,0.0009500000000000002,0.02435,0.0027,0.0072,0.00875,0.0004000000000000001
541,0.21425,0.18395,0.31525,0.08210000000000002,0.0324,0.14905000000000002,0.00535,0.0006000000000000001,0.00405,0.0056500000000000005,0.0032500000000000003,0.0033500000000000005,0.00075
546,0.42849999999999994,0.1879,0.1294,0.07905,0.06545,0.06435,0.0133,0.0008500000000000001,0.007700000000000001,0.008950000000000001,0.004399999999999999,0.0093,0.0008500000000000001
547,0.12935,0.19480000000000003,0.08280000000000001,0.1475,0.016550000000000002,0.34455,0.0028,0.0139,0.006400000000000001,0.004350000000000001,0.00925,0.04645,0.0013
557,0.33549999999999996,0.16854999999999998,0.09105,0.17834999999999998,0.04624999999999999,0.09105,0.0153,0.0018000000000000002,0.0206,0.0092,0.01475,0.02695,0.0006500000000000001
566,0.2695,0.2701,0.13195,0.1699,0.0195,0.10015000000000003,0.0031999999999999993,0.00125,0.00485,0.0017500000000000003,0.005900000000000001,0.0174,0.00455
572,0.30445,0.2138,0.09324999999999999,0.09094999999999999,0.08925000000000001,0.1375,0.010250000000000002,0.0040999999999999995,0.0083,0.011550000000000001,0.0199,0.01525,0.0014500000000000003
575,0.34469999999999995,0.22335,0.094,0.1379,0.06815,0.08074999999999999,0.00475,0.0026500000000000004,0.00355,0.013100000000000002,0.00805,0.016700000000000003,0.00235
584,0.48549999999999993,0.12645,0.10825000000000001,0.17429999999999998,0.03875,0.03935,0.0050999999999999995,0.0006000000000000001,0.0037500000000000003,0.0019,0.005999999999999999,0.00825,0.0018000000000000002
590,0.29475,0.2123,0.0864,0.07535,0.059399999999999994,0.1881,0.00805,0.0021,0.01165,0.021249999999999998,0.02355,0.0163,0.0008000000000000001
593,0.17335,0.20450000000000002,0.08915,0.1392,0.04795,0.2658,0.0146,0.00285,0.0161,0.00595,0.0243,0.015550000000000001,0.0007000000000000002
597,0.13394999999999999,0.1892,0.1834,0.06534999999999999,0.0179,0.35065,0.0036499999999999996,0.0006000000000000002,0.0040999999999999995,0.034999999999999996,0.0097,0.00555,0.00095
599,0.3635,0.15905,0.26134999999999997,0.08604999999999999,0.026600000000000002,0.08,0.0029,0.0002,0.0016500000000000002,0.011899999999999999,0.0029,0.0029000000000000002,0.0010000000000000002
603,0.36205,0.2044,0.1298,0.17950000000000005,0.038400000000000004,0.0558,0.009550000000000003,0.0005,0.0046,0.0023,0.004150000000000001,0.008400000000000001,0.0005500000000000001
606,0.10815000000000001,0.18595,0.03560000000000001,0.10229999999999999,0.0117,0.4759,0.00485,0.013749999999999998,0.015199999999999997,0.00405,0.02295,0.017599999999999998,0.002
607,0.18615,0.26034999999999997,0.05155,0.0973,0.04290000000000001,0.31094999999999995,0.0029000000000000002,0.0042,0.00415,0.0052,0.02125,0.0117,0.0014
616,0.43005,0.13405,0.24385,0.12714999999999999,0.00855,0.03275,0.0040999999999999995,0.0,0.0020499999999999997,0.009449999999999998,0.0019500000000000003,0.004750000000000001,0.0013
617,0.21674999999999997,0.18905000000000002,0.12209999999999997,0.11335,0.01935,0.24080000000000001,0.0099,0.0066500000000000005,0.0078000000000000005,0.021,0.020000000000000004,0.03075,0.0025
618,0.1628,0.22135000000000002,0.19795,0.08595,0.0345,0.21530000000000002,0.0031999999999999997,0.0034999999999999996,0.00975,0.01985,0.026899999999999997,0.017900000000000003,0.0010500000000000002
620,0.2051,0.22225,0.05015000000000001,0.10815,0.0105,0.35090000000000005,0.00435,0.007150000000000001,0.0089,0.00385,0.013,0.01405,0.00165
622,0.1415,0.22925,0.03375,0.19305,0.0178,0.24915,0.014049999999999998,0.027899999999999998,0.0111,0.00175,0.03915,0.037450000000000004,0.0041
626,0.15650000000000003,0.15285,0.04050000000000001,0.14675,0.0476,0.35860000000000003,0.0069,0.013000000000000001,0.00715,0.015050000000000001,0.03255,0.01225,0.0103
628,0.27049999999999996,0.1577,0.29175,0.12885,0.05800000000000001,0.0702,0.004399999999999999,0.0004000000000000001,0.00535,0.00575,0.0025499999999999997,0.00375,0.0008000000000000001
635,0.0862,0.16815,0.04665,0.12375,0.024399999999999998,0.45735,0.007300000000000001,0.0227,0.01775,0.0026,0.026150000000000003,0.01215,0.004850000000000001
636,0.0778,0.14975,0.02685,0.11814999999999999,0.01175,0.5615500000000001,0.00295,0.019499999999999997,0.0026999999999999997,0.0014500000000000003,0.0133,0.0056,0.00865
639,0.09390000000000001,0.18905000000000002,0.0367,0.14255,0.010650000000000001,0.4628000000000001,0.004899999999999999,0.01865,0.0054,0.0011500000000000002,0.0156,0.0088,0.00985
648,0.0984,0.23009999999999997,0.07885,0.09915000000000002,0.0088,0.45235000000000003,0.0035500000000000006,0.0025,0.00435,0.0056,0.00895,0.006750000000000001,0.0006500000000000002
650,0.19585,0.13829999999999998,0.24155000000000001,0.22334999999999997,0.1008,0.05765,0.0078000000000000005,0.00025,0.01355,0.0045000000000000005,0.008549999999999999,0.006750000000000002,0.0011
651,0.17825000000000002,0.21405,0.1869,0.11969999999999999,0.056650000000000006,0.15415,0.00545,0.0086,0.01255,0.013350000000000002,0.03075,0.0173,0.0023
652,0.09419999999999999,0.20679999999999996,0.10505000000000002,0.20375000000000001,0.0338,0.21410000000000004,0.0143,0.0122,0.025250000000000005,0.0022,0.067,0.019000000000000003,0.0023499999999999997
658,0.10325,0.19505,0.0434,0.14165,0.013800000000000002,0.39570000000000005,0.007850000000000001,0.029050000000000003,0.0059,0.0016000000000000003,0.04395,0.010150000000000001,0.00865
659,0.24749999999999994,0.271,0.10545,0.07270000000000001,0.0351,0.2218,0.00635,0.0043,0.0022,0.0054,0.0157,0.00985,0.00265
660,0.250305,0.164925,0.28025,0.10753500000000002,0.031694999999999994,0.13447499999999998,0.004110000000000001,0.0007700000000000001,0.0035850000000000005,0.006189999999999999,0.005549999999999999,0.00897,0.0016399999999999997
675,0.13490000000000002,0.2455,0.06829999999999999,0.10745,0.027350000000000003,0.34415,0.0021000000000000003,0.0066,0.013199999999999998,0.004199999999999999,0.012750000000000001,0.03185,0.00165
678,0.12384999999999999,0.2960499999999999,0.10410000000000001,0.09145,0.04155,0.24475,0.00935,0.00655,0.0186,0.0035500000000000006,0.0415,0.016499999999999997,0.0022
687,0.17045,0.19059999999999996,0.13435,0.24500000000000002,0.06275,0.09095,0.013399999999999999,0.00395,0.014199999999999999,0.0066,0.02845,0.0373,0.002
699,0.0927,0.19419999999999998,0.07095000000000001,0.09970000000000001,0.024550000000000002,0.43975,0.0030000000000000005,0.01065,0.010799999999999999,0.00275,0.04155,0.006999999999999999,0.0024000000000000002
700,0.08495,0.20885,0.09459999999999999,0.10045,0.017349999999999997,0.4075,0.0032500000000000003,0.01485,0.014650000000000002,0.0017000000000000001,0.04115,0.008199999999999999,0.0025
714,0.1819,0.17099999999999999,0.10600000000000001,0.12514999999999998,0.0256,0.31455000000000005,0.008150000000000001,0.0030499999999999998,0.01245,0.00925,0.026600000000000002,0.014750000000000001,0.0015500000000000002
715,0.32295,0.20964999999999998,0.1119,0.19269999999999998,0.049350000000000005,0.0694,0.00835,0.0008500000000000001,0.005050000000000001,0.0063999999999999994,0.0086,0.013800000000000002,0.001
716,0.19544999999999998,0.17680000000000004,0.11234999999999999,0.19665000000000002,0.0676,0.1721,0.008749999999999999,0.00275,0.0174,0.006399999999999999,0.03005,0.01295,0.0007500000000000001
721,0.27455,0.21055000000000001,0.25085,0.11819999999999999,0.022850000000000002,0.10454999999999999,0.0044,0.0006000000000000001,0.0017000000000000001,0.0052,0.00215,0.0034000000000000002,0.001
724,0.49540000000000006,0.12895,0.0947,0.22780000000000003,0.0083,0.023599999999999996,0.0067,0.00030000000000000003,0.0028000000000000004,0.006449999999999999,0.0013,0.0029999999999999996,0.0007000000000000001
729,0.2121,0.1695,0.121,0.20420000000000002,0.0621,0.14200000000000002,0.01345,0.004350000000000001,0.015500000000000002,0.00235,0.0238,0.0285,0.0011500000000000002
732,0.09315,0.18025000000000002,0.06,0.1738,0.032999999999999995,0.37485,0.0095,0.00285,0.01215,0.0049,0.04205,0.012000000000000002,0.0015000000000000002
734,0.29105000000000003,0.08234999999999999,0.060849999999999994,0.46259999999999996,0.021500000000000002,0.0405,0.0059,0.0014,0.007450000000000001,0.0017000000000000001,0.013699999999999999,0.01005,0.00095
737,0.25665000000000004,0.08245000000000002,0.06174999999999999,0.5236,0.0256,0.0294,0.0031,0.0006500000000000001,0.0043,0.0018,0.004299999999999999,0.005949999999999999,0.00045000000000000004
738,0.1393,0.04700000000000001,0.0402,0.7368,0.014499999999999999,0.010700000000000001,0.0022500000000000003,0.00035000000000000005,0.0026999999999999997,0.0009000000000000002,0.0010999999999999998,0.0036500000000000005,0.00055
741,0.26515,0.3850499999999999,0.12470000000000002,0.09285,0.04325,0.06095,0.00505,0.0007000000000000001,0.0019000000000000002,0.009200000000000002,0.0035499999999999993,0.00575,0.0018999999999999998
742,0.1498138554216867,0.21711385542168676,0.053510843373493974,0.2541313253012048,0.016943373493975906,0.2562789156626506,0.003359638554216868,0.005456626506024097,0.010086746987951806,0.003919879518072289,0.01517469879518072,0.00877289156626506,0.005437349397590362
743,0.14885,0.20279999999999998,0.08615000000000002,0.24970000000000003,0.028149999999999998,0.21155000000000002,0.01665,0.0029999999999999996,0.01265,0.00295,0.02705,0.00945,0.00105
744,0.4397499999999999,0.14215,0.12025,0.24219999999999997,0.01755,0.0211,0.0056500000000000005,0.00025,0.0025500000000000006,0.0018500000000000003,0.0008500000000000003,0.0055,0.00035000000000000005
748,0.45619999999999994,0.12380000000000002,0.1959,0.11015000000000001,0.0366,0.027650000000000004,0.011899999999999999,0.00035000000000000005,0.01725,0.0059499999999999996,0.0026999999999999997,0.011500000000000002,5e-05
754,0.1723,0.26505,0.07214999999999999,0.09979999999999999,0.031849999999999996,0.17200000000000001,0.041199999999999994,0.018899999999999997,0.027150000000000004,0.00575,0.047349999999999996,0.04555000000000001,0.0009500000000000001
758,0.13155,0.1574,0.0584,0.10260000000000001,0.03405,0.4801500000000001,0.0033000000000000004,0.0036,0.00215,0.0026500000000000004,0.011700000000000002,0.00815,0.0043
759,0.05469999999999999,0.1101,0.016,0.0779,0.010150000000000001,0.7052499999999999,0.0013499999999999999,0.0056500000000000005,0.0022,0.0009500000000000001,0.0082,0.0031000000000000003,0.00445
767,0.0811,0.11465,0.0236,0.07855000000000002,0.0113,0.64065,0.0019,0.0125,0.0029000000000000002,0.0017000000000000001,0.02115,0.006200000000000001,0.0037999999999999996
769,0.11040625000000001,0.14528749999999999,0.011643749999999998,0.24251875,0.01273125,0.35216875,0.00865625,0.040775000000000006,0.0030812500000000002,0.00231875,0.034443749999999995,0.00939375,0.026575
770,0.06754857142857143,0.11890571428571428,0.005087142857142859,0.1426542857142857,0.005588571428571429,0.5925442857142856,0.0014542857142857144,0.0275,0.0009185714285714285,0.0007571428571428573,0.01611,0.001395714285714286,0.01953571428571428
776,0.11529999999999999,0.17245,0.072,0.09264999999999998,0.042499999999999996,0.3988,0.010200000000000002,0.0065,0.00715,0.016050000000000002,0.037,0.02765,0.00175
783,0.1649,0.47155,0.0515,0.12075,0.0508,0.054900000000000004,0.032,0.00175,0.0243,0.0034500000000000004,0.01245,0.01125,0.0004
784,0.11494999999999998,0.49770000000000003,0.031650000000000005,0.19119999999999995,0.05334999999999999,0.03710000000000001,0.027599999999999996,0.0016,0.01705,0.002,0.013300000000000001,0.012000000000000002,0.0005000000000000001
786,0.14170000000000002,0.29510000000000003,0.05305,0.07485,0.0375,0.2792,0.024100000000000003,0.007500000000000001,0.024,0.011949999999999999,0.0308,0.02005,0.0002
787,0.2755,0.24240000000000003,0.07475000000000001,0.05755,0.028050000000000002,0.19669999999999999,0.0344,0.0040999999999999995,0.027999999999999997,0.0146,0.011349999999999997,0.0321,0.0005
806,0.46669999999999995,0.30319999999999997,0.06495,0.04795,0.02485,0.0167,0.0276,0.00045000000000000004,0.028050000000000002,0.00665,0.002650000000000001,0.01015,0.0001
812,0.2514,0.17235,0.08990000000000001,0.11535,0.0327,0.283,0.0125,0.00165,0.0052499999999999995,0.004299999999999999,0.011699999999999999,0.018250000000000002,0.0016500000000000002
813,0.41164999999999996,0.21225000000000002,0.22785,0.0821,0.021600000000000005,0.023299999999999998,0.008,0.0002,0.00375,0.0020000000000000005,0.00185,0.005249999999999999,0.0002
814,0.191,0.29059999999999997,0.0805,0.08864999999999998,0.0638,0.16665,0.012549999999999999,0.01445,0.00905,0.006050000000000001,0.0444,0.03070000000000001,0.0016
816,0.12014999999999999,0.2191,0.039999999999999994,0.17040000000000005,0.024,0.30974999999999997,0.00895,0.02265,0.0126,0.00185,0.0524,0.012850000000000002,0.005300000000000001
819,0.33165,0.23615000000000005,0.1513,0.0882,0.058300000000000005,0.0855,0.010150000000000001,0.00135,0.007450000000000001,0.00575,0.0068,0.0159,0.0015
823,0.18025,0.14300000000000002,0.2342,0.29784999999999995,0.030600000000000002,0.08574999999999999,0.0038499999999999997,0.0004500000000000001,0.0045000000000000005,0.003499999999999999,0.00625,0.00885,0.0009500000000000002
829,0.17045000000000002,0.34085,0.13365000000000002,0.18940000000000004,0.0106,0.11425,0.002,0.007299999999999999,0.00095,0.0008,0.009300000000000001,0.004050000000000001,0.0164
832,0.13235000000000002,0.2554,0.08315,0.2222,0.01285,0.25875,0.00405,0.004,0.0014999999999999998,0.0009000000000000001,0.010150000000000001,0.0057,0.009000000000000001
836,0.17974999999999997,0.21994999999999998,0.15364999999999998,0.15960000000000002,0.12005,0.11164999999999999,0.015500000000000003,0.0011,0.01145,0.005349999999999999,0.01275,0.0079,0.0013
841,0.27930000000000005,0.17695000000000002,0.24285,0.1746,0.023649999999999997,0.08055000000000001,0.00405,0.0004,0.0025,0.004849999999999999,0.0031000000000000003,0.0057,0.0015000000000000002
842,0.07169999999999999,0.19085,0.16964999999999997,0.1122,0.009250000000000001,0.4035,0.0027,0.0037000000000000006,0.0084,0.005550000000000001,0.012550000000000002,0.007300000000000001,0.00265
845,0.07635,0.22784999999999997,0.1203,0.0834,0.020800000000000003,0.4128,0.0026000000000000003,0.00615,0.0096,0.0099,0.01495,0.013949999999999999,0.00135
847,0.15835,0.24850000000000003,0.05099999999999999,0.1399,0.0328,0.2748,0.00945,0.01115,0.01335,0.0041,0.035649999999999994,0.020050000000000002,0.0009000000000000002
848,0.14525,0.16584999999999997,0.18560000000000001,0.14650000000000002,0.03295,0.2513,0.00585,0.00205,0.0106,0.009,0.023250000000000003,0.019500000000000003,0.0023
849,0.4415,0.2134,0.14500000000000005,0.058949999999999995,0.03095,0.04225,0.02265,0.0006000000000000001,0.004750000000000001,0.020649999999999998,0.013350000000000002,0.004699999999999999,0.0012500000000000002
850,0.23784999999999998,0.138,0.38585,0.11890000000000002,0.02385,0.07345,0.0047,0.0007500000000000001,0.00215,0.00435,0.003,0.005450000000000002,0.0017
857,0.486,0.11775000000000001,0.24054999999999999,0.09269999999999999,0.026050000000000004,0.021200000000000007,0.0035000000000000005,0.00015000000000000001,0.002,0.0049,0.0020500000000000006,0.002650000000000001,0.0005
866,0.38305,0.24495000000000003,0.1261,0.046000000000000006,0.08314999999999999,0.050749999999999997,0.0193,0.0009500000000000001,0.00605,0.0152,0.018600000000000002,0.005450000000000001,0.00045000000000000015
873,0.2744,0.2544,0.09910000000000002,0.07124999999999998,0.029749999999999995,0.20900000000000002,0.009899999999999999,0.0024000000000000002,0.00435,0.01015,0.0167,0.01715,0.0014500000000000001
881,0.31165000000000004,0.1558,0.26715,0.16909999999999997,0.020099999999999996,0.06085,0.00455,0.00035,0.0017000000000000001,0.0044,0.0011000000000000003,0.0021500000000000004,0.0011
882,0.25953235294117644,0.17652058823529407,0.23943823529411765,0.10555588235294117,0.07582941176470587,0.11631764705882353,0.006188235294117646,0.0005970588235294119,0.0033,0.005226470588235294,0.004841176470588236,0.005979411764705883,0.000673529411764706
883,0.2821,0.19499999999999998,0.1703,0.10155,0.07750000000000001,0.13879999999999998,0.007700000000000001,0.0017000000000000001,0.0048,0.0043,0.0074,0.007450000000000002,0.0014
884,0.1372,0.23170000000000002,0.1955,0.2001,0.02065,0.1423,0.0129,0.0035,0.007750000000000001,0.005099999999999999,0.0218,0.019450000000000002,0.0020499999999999997
885,0.2487,0.22064999999999999,0.19449999999999998,0.12285000000000001,0.050649999999999994,0.10114999999999999,0.0072,0.002,0.0049,0.025249999999999998,0.0076,0.0135,0.0010500000000000002
886,0.18389999999999998,0.19774999999999995,0.20105,0.15230000000000002,0.04674999999999999,0.13880000000000003,0.0084,0.0013000000000000002,0.0093,0.026850000000000002,0.016,0.01545,0.00215
888,0.13025,0.22135000000000002,0.09899999999999999,0.1413,0.021749999999999995,0.30595,0.003,0.00835,0.010549999999999999,0.00475,0.01895,0.03145,0.0033499999999999992
891,0.1324,0.08134999999999999,0.39605,0.3198,0.019299999999999998,0.039349999999999996,0.0032500000000000003,0.00035000000000000005,0.0017500000000000005,0.0029,0.0020499999999999997,0.0013000000000000002,0.00015000000000000001
892,0.13124999999999998,0.15184999999999998,0.09795,0.3119,0.042550000000000004,0.20435,0.009999999999999998,0.0021500000000000004,0.00835,0.00355,0.019249999999999996,0.0146,0.0022500000000000003
897,0.1741,0.17425000000000002,0.0308,0.1815,0.0182,0.3691,0.0036000000000000008,0.011350000000000002,0.005299999999999999,0.0019,0.0195,0.00475,0.00565
904,0.45439999999999997,0.1979,0.0729,0.11895000000000003,0.02605,0.013849999999999998,0.037,0.0007500000000000001,0.0506,0.004749999999999999,0.0026499999999999996,0.019350000000000003,0.0008500000000000003
911,0.15440000000000004,0.20684999999999998,0.0679,0.10025,0.024149999999999998,0.35395000000000004,0.0018500000000000003,0.007350000000000001,0.04655,0.007999999999999998,0.017400000000000002,0.010400000000000001,0.0009500000000000001
